0.000  0.00000  0.99958  0.99958  1.00000 
0.063  0.06279  0.99604  0.99761  0.99803 
0.126  0.12533  0.98857  0.99170  0.99211 
0.188  0.18738  0.97719  0.98188  0.98229 
0.251  0.24869  0.96196  0.96818  0.96858 
0.314  0.30902  0.94294  0.95066  0.95106 
0.377  0.36812  0.92019  0.92939  0.92978 
0.440  0.42578  0.89381  0.90445  0.90483 
0.503  0.48175  0.86390  0.87594  0.87631 
0.565  0.53583  0.83058  0.84398  0.84433 
0.628  0.58779  0.79399  0.80868  0.80902 
0.691  0.63742  0.75426  0.77019  0.77051 
0.754  0.68455  0.71155  0.72866  0.72897 
0.817  0.72897  0.66604  0.68426  0.68455 
0.880  0.77051  0.61790  0.63716  0.63742 
0.942  0.80902  0.56732  0.58754  0.58779 
1.005  0.84433  0.51450  0.53560  0.53583 
1.068  0.87631  0.45965  0.48155  0.48175 
1.131  0.90483  0.40299  0.42560  0.42578 
1.194  0.92978  0.34473  0.36797  0.36812 
1.257  0.95106  0.28512  0.30889  0.30902 
1.319  0.96858  0.22438  0.24859  0.24869 
1.382  0.98229  0.16275  0.18730  0.18738 
1.445  0.99211  0.10048  0.12528  0.12533 
1.508  0.99803  0.03782  0.06276  0.06279 
1.571  1.00000 -0.02499 -0.00000 -0.00000 
1.634  0.99803 -0.08771 -0.06276 -0.06279 
1.696  0.99211 -0.15008 -0.12528 -0.12533 
1.759  0.98229 -0.21186 -0.18730 -0.18738 
1.822  0.96858 -0.27280 -0.24859 -0.24869 
1.885  0.95106 -0.33266 -0.30889 -0.30902 
1.948  0.92978 -0.39121 -0.36797 -0.36812 
2.011  0.90483 -0.44822 -0.42560 -0.42578 
2.073  0.87631 -0.50346 -0.48155 -0.48175 
2.136  0.84433 -0.55671 -0.53560 -0.53583 
2.199  0.80902 -0.60776 -0.58754 -0.58779 
2.262  0.77051 -0.65642 -0.63716 -0.63742 
2.325  0.72897 -0.70248 -0.68426 -0.68455 
2.388  0.68455 -0.74578 -0.72866 -0.72897 
2.450  0.63742 -0.78612 -0.77019 -0.77051 
2.513  0.58779 -0.82337 -0.80868 -0.80902 
2.576  0.53583 -0.85737 -0.84398 -0.84433 
2.639  0.48175 -0.88798 -0.87594 -0.87631 
2.702  0.42578 -0.91509 -0.90445 -0.90483 
2.765  0.36812 -0.93859 -0.92939 -0.92978 
2.827  0.30902 -0.95838 -0.95066 -0.95106 
2.890  0.24869 -0.97440 -0.96818 -0.96858 
2.953  0.18738 -0.98656 -0.98188 -0.98229 
3.016  0.12533 -0.99483 -0.99170 -0.99211 
3.079  0.06279 -0.99918 -0.99761 -0.99803 
3.142 -0.00000 -0.99958 -0.99958 -1.00000 
3.204 -0.06279 -0.99604 -0.99761 -0.99803 
3.267 -0.12533 -0.98857 -0.99170 -0.99211 
3.330 -0.18738 -0.97719 -0.98188 -0.98229 
3.393 -0.24869 -0.96196 -0.96818 -0.96858 
3.456 -0.30902 -0.94294 -0.95066 -0.95106 
3.519 -0.36812 -0.92019 -0.92939 -0.92978 
3.581 -0.42578 -0.89381 -0.90445 -0.90483 
3.644 -0.48175 -0.86390 -0.87594 -0.87631 
3.707 -0.53583 -0.83058 -0.84398 -0.84433 
3.770 -0.58779 -0.79399 -0.80868 -0.80902 
3.833 -0.63742 -0.75426 -0.77019 -0.77051 
3.896 -0.68455 -0.71155 -0.72866 -0.72897 
3.958 -0.72897 -0.66604 -0.68426 -0.68455 
4.021 -0.77051 -0.61790 -0.63716 -0.63742 
4.084 -0.80902 -0.56732 -0.58754 -0.58779 
4.147 -0.84433 -0.51450 -0.53560 -0.53583 
4.210 -0.87631 -0.45965 -0.48155 -0.48175 
4.273 -0.90483 -0.40299 -0.42560 -0.42578 
4.335 -0.92978 -0.34473 -0.36797 -0.36812 
4.398 -0.95106 -0.28512 -0.30889 -0.30902 
4.461 -0.96858 -0.22438 -0.24859 -0.24869 
4.524 -0.98229 -0.16275 -0.18730 -0.18738 
4.587 -0.99211 -0.10048 -0.12528 -0.12533 
4.650 -0.99803 -0.03782 -0.06276 -0.06279 
4.712 -1.00000  0.02499  0.00000  0.00000 
4.775 -0.99803  0.08771  0.06276  0.06279 
4.838 -0.99211  0.15008  0.12528  0.12533 
4.901 -0.98229  0.21186  0.18730  0.18738 
4.964 -0.96858  0.27280  0.24859  0.24869 
5.027 -0.95106  0.33266  0.30889  0.30902 
5.089 -0.92978  0.39121  0.36797  0.36812 
5.152 -0.90483  0.44822  0.42560  0.42578 
5.215 -0.87631  0.50346  0.48155  0.48175 
5.278 -0.84433  0.55671  0.53560  0.53583 
5.341 -0.80902  0.60776  0.58754  0.58779 
5.404 -0.77051  0.65642  0.63716  0.63742 
5.466 -0.72897  0.70248  0.68426  0.68455 
5.529 -0.68455  0.74578  0.72866  0.72897 
5.592 -0.63742  0.78612  0.77019  0.77051 
5.655 -0.58779  0.82337  0.80868  0.80902 
5.718 -0.53583  0.85737  0.84398  0.84433 
5.781 -0.48175  0.88798  0.87594  0.87631 
5.843 -0.42578  0.91509  0.90445  0.90483 
5.906 -0.36812  0.93859  0.92939  0.92978 
5.969 -0.30902  0.95838  0.95066  0.95106 
6.032 -0.24869  0.97440  0.96818  0.96858 
6.095 -0.18738  0.98656  0.98188  0.98229 
6.158 -0.12533  0.99483  0.99170  0.99211 
6.220 -0.06279  0.99918  0.99761  0.99803 
6.283 -0.00000  0.99958  0.99958  1.00000 
