0.000  0.00000  1.00000 -6.65556 -0.99938  0.00000
0.063  0.06279  0.99803 -6.70522 -0.99740  0.06276
0.126  0.12533  0.99211 -6.72841 -0.99149  0.12528
0.188  0.18738  0.98229 -6.72505 -0.98167  0.18730
0.251  0.24869  0.96858 -6.69515 -0.96798  0.24859
0.314  0.30902  0.95106 -6.63883 -0.95046  0.30889
0.377  0.36812  0.92978 -6.55631 -0.92920  0.36797
0.440  0.42578  0.90483 -6.44791 -0.90426  0.42560
0.503  0.48175  0.87631 -6.31407 -0.87576  0.48155
0.565  0.53583  0.84433 -6.15530 -0.84380  0.53560
0.628  0.58779  0.80902 -5.97225 -0.80851  0.58754
0.691  0.63742  0.77051 -5.76562 -0.77003  0.63716
0.754  0.68455  0.72897 -5.53624 -0.72851  0.68426
0.817  0.72897  0.68455 -5.28501 -0.68412  0.72866
0.880  0.77051  0.63742 -5.01293 -0.63703  0.77019
0.942  0.80902  0.58779 -4.72106 -0.58742  0.80868
1.005  0.84433  0.53583 -4.41056 -0.53549  0.84398
1.068  0.87631  0.48175 -4.08265 -0.48145  0.87594
1.131  0.90483  0.42578 -3.73863 -0.42551  0.90445
1.194  0.92978  0.36812 -3.37985 -0.36789  0.92939
1.257  0.95106  0.30902 -3.00774 -0.30882  0.95066
1.319  0.96858  0.24869 -2.62375 -0.24853  0.96818
1.382  0.98229  0.18738 -2.22941 -0.18726  0.98188
1.445  0.99211  0.12533 -1.82628 -0.12525  0.99170
1.508  0.99803  0.06279 -1.41593 -0.06275  0.99761
1.571  1.00000 -0.00000 -1.00000  0.00000  0.99958
1.634  0.99803 -0.06279 -0.58012  0.06275  0.99761
1.696  0.99211 -0.12533 -0.15795  0.12525  0.99170
1.759  0.98229 -0.18738  0.26484  0.18726  0.98188
1.822  0.96858 -0.24869  0.68659  0.24853  0.96818
1.885  0.95106 -0.30902  1.10563  0.30882  0.95066
1.948  0.92978 -0.36812  1.52030  0.36789  0.92939
2.011  0.90483 -0.42578  1.92897  0.42551  0.90445
2.073  0.87631 -0.48175  2.33003  0.48145  0.87594
2.136  0.84433 -0.53583  2.72190  0.53549  0.84398
2.199  0.80902 -0.58779  3.10302  0.58742  0.80868
2.262  0.77051 -0.63742  3.47190  0.63703  0.77019
2.325  0.72897 -0.68455  3.82708  0.68412  0.72866
2.388  0.68455 -0.72897  4.16715  0.72851  0.68426
2.450  0.63742 -0.77051  4.49077  0.77003  0.63716
2.513  0.58779 -0.80902  4.79668  0.80851  0.58754
2.576  0.53583 -0.84433  5.08365  0.84380  0.53560
2.639  0.48175 -0.87631  5.35056  0.87576  0.48155
2.702  0.42578 -0.90483  5.59635  0.90426  0.42560
2.765  0.36812 -0.92978  5.82006  0.92920  0.36797
2.827  0.30902 -0.95106  6.02080  0.95046  0.30889
2.890  0.24869 -0.96858  6.19777  0.96798  0.24859
2.953  0.18738 -0.98229  6.35029  0.98167  0.18730
3.016  0.12533 -0.99211  6.47775  0.99149  0.12528
3.079  0.06279 -0.99803  6.57964  0.99740  0.06276
3.142 -0.00000 -1.00000  6.65556  0.99938  0.00000
3.204 -0.06279 -0.99803  6.70522  0.99740 -0.06276
3.267 -0.12533 -0.99211  6.72841  0.99149 -0.12528
3.330 -0.18738 -0.98229  6.72505  0.98167 -0.18730
3.393 -0.24869 -0.96858  6.69515  0.96798 -0.24859
3.456 -0.30902 -0.95106  6.63883  0.95046 -0.30889
3.519 -0.36812 -0.92978  6.55631  0.92920 -0.36797
3.581 -0.42578 -0.90483  6.44791  0.90426 -0.42560
3.644 -0.48175 -0.87631  6.31407  0.87576 -0.48155
3.707 -0.53583 -0.84433  6.15530  0.84380 -0.53560
3.770 -0.58779 -0.80902  5.97225  0.80851 -0.58754
3.833 -0.63742 -0.77051  5.76562  0.77003 -0.63716
3.896 -0.68455 -0.72897  5.53624  0.72851 -0.68426
3.958 -0.72897 -0.68455  5.28501  0.68412 -0.72866
4.021 -0.77051 -0.63742  5.01293  0.63703 -0.77019
4.084 -0.80902 -0.58779  4.72106  0.58742 -0.80868
4.147 -0.84433 -0.53583  4.41056  0.53549 -0.84398
4.210 -0.87631 -0.48175  4.08265  0.48145 -0.87594
4.273 -0.90483 -0.42578  3.73863  0.42551 -0.90445
4.335 -0.92978 -0.36812  3.37985  0.36789 -0.92939
4.398 -0.95106 -0.30902  3.00774  0.30882 -0.95066
4.461 -0.96858 -0.24869  2.62375  0.24853 -0.96818
4.524 -0.98229 -0.18738  2.22941  0.18726 -0.98188
4.587 -0.99211 -0.12533  1.82628  0.12525 -0.99170
4.650 -0.99803 -0.06279  1.41593  0.06275 -0.99761
4.712 -1.00000  0.00000  1.00000  0.00000 -0.99958
4.775 -0.99803  0.06279  0.58012 -0.06275 -0.99761
4.838 -0.99211  0.12533  0.15795 -0.12525 -0.99170
4.901 -0.98229  0.18738 -0.26484 -0.18726 -0.98188
4.964 -0.96858  0.24869 -0.68659 -0.24853 -0.96818
5.027 -0.95106  0.30902 -1.10563 -0.30882 -0.95066
5.089 -0.92978  0.36812 -1.52030 -0.36789 -0.92939
5.152 -0.90483  0.42578 -1.92897 -0.42551 -0.90445
5.215 -0.87631  0.48175 -2.33003 -0.48145 -0.87594
5.278 -0.84433  0.53583 -2.72190 -0.53549 -0.84398
5.341 -0.80902  0.58779 -3.10302 -0.58742 -0.80868
5.404 -0.77051  0.63742 -3.47190 -0.63703 -0.77019
5.466 -0.72897  0.68455 -3.82708 -0.68412 -0.72866
5.529 -0.68455  0.72897 -4.16715 -0.72851 -0.68426
5.592 -0.63742  0.77051 -4.49077 -0.77003 -0.63716
5.655 -0.58779  0.80902 -4.79668 -0.80851 -0.58754
5.718 -0.53583  0.84433 -5.08365 -0.84380 -0.53560
5.781 -0.48175  0.87631 -5.35056 -0.87576 -0.48155
5.843 -0.42578  0.90483 -5.59635 -0.90426 -0.42560
5.906 -0.36812  0.92978 -5.82006 -0.92920 -0.36797
5.969 -0.30902  0.95106 -6.02080 -0.95046 -0.30889
6.032 -0.24869  0.96858 -6.19777 -0.96798 -0.24859
6.095 -0.18738  0.98229 -6.35029 -0.98167 -0.18730
6.158 -0.12533  0.99211 -6.47775 -0.99149 -0.12528
6.220 -0.06279  0.99803 -6.57964 -0.99740 -0.06276
6.283 -0.00000  1.00000 -6.65556 -0.99938  0.00000
