-0.785 -1.00000  1.99989 -3.99972
-0.723 -0.88162  1.77718 -3.13355
-0.660 -0.77568  1.60163 -2.48468
-0.597 -0.67960  1.46183 -1.98689
-0.534 -0.59140  1.34973 -1.59644
-0.471 -0.50953  1.25960 -1.28359
-0.408 -0.43274  1.18725 -1.02753
-0.346 -0.36002  1.12961 -0.81336
-0.283 -0.29053  1.08440 -0.63009
-0.220 -0.22353  1.04996 -0.46938
-0.157 -0.15838  1.02508 -0.32471
-0.094 -0.09453  1.00893 -0.19074
-0.031 -0.03143  1.00098 -0.06291
0.031  0.03143  1.00098  0.06291
0.094  0.09453  1.00893  0.19074
0.157  0.15838  1.02508  0.32471
0.220  0.22353  1.04996  0.46938
0.283  0.29053  1.08440  0.63009
0.346  0.36002  1.12961  0.81336
0.408  0.43274  1.18725  1.02753
0.471  0.50953  1.25960  1.28359
0.534  0.59140  1.34973  1.59644
0.597  0.67960  1.46183  1.98689
0.660  0.77568  1.60163  2.48468
0.723  0.88162  1.77718  3.13355
0.785  1.00000  1.99989  3.99972
