-1.00  3.00000 
-0.99  2.99970 
-0.98  2.99881 
-0.97  2.99733 
-0.96  2.99526 
-0.95  2.99262 
-0.94  2.98942 
-0.93  2.98564 
-0.92  2.98131 
-0.91  2.97643 
-0.90  2.97100 
-0.89  2.96503 
-0.88  2.95853 
-0.87  2.95150 
-0.86  2.94394 
-0.85  2.93588 
-0.84  2.92730 
-0.83  2.91821 
-0.82  2.90863 
-0.81  2.89856 
-0.80  2.88800 
-0.79  2.87696 
-0.78  2.86545 
-0.77  2.85347 
-0.76  2.84102 
-0.75  2.82812 
-0.74  2.81478 
-0.73  2.80098 
-0.72  2.78675 
-0.71  2.77209 
-0.70  2.75700 
-0.69  2.74149 
-0.68  2.72557 
-0.67  2.70924 
-0.66  2.69250 
-0.65  2.67537 
-0.64  2.65786 
-0.63  2.63995 
-0.62  2.62167 
-0.61  2.60302 
-0.60  2.58400 
-0.59  2.56462 
-0.58  2.54489 
-0.57  2.52481 
-0.56  2.50438 
-0.55  2.48362 
-0.54  2.46254 
-0.53  2.44112 
-0.52  2.41939 
-0.51  2.39735 
-0.50  2.37500 
-0.49  2.35235 
-0.48  2.32941 
-0.47  2.30618 
-0.46  2.28266 
-0.45  2.25887 
-0.44  2.23482 
-0.43  2.21049 
-0.42  2.18591 
-0.41  2.16108 
-0.40  2.13600 
-0.39  2.11068 
-0.38  2.08513 
-0.37  2.05935 
-0.36  2.03334 
-0.35  2.00712 
-0.34  1.98070 
-0.33  1.95406 
-0.32  1.92723 
-0.31  1.90021 
-0.30  1.87300 
-0.29  1.84561 
-0.28  1.81805 
-0.27  1.79032 
-0.26  1.76242 
-0.25  1.73437 
-0.24  1.70618 
-0.23  1.67783 
-0.22  1.64935 
-0.21  1.62074 
-0.20  1.59200 
-0.19  1.56314 
-0.18  1.53417 
-0.17  1.50509 
-0.16  1.47590 
-0.15  1.44662 
-0.14  1.41726 
-0.13  1.38780 
-0.12  1.35827 
-0.11  1.32867 
-0.10  1.29900 
-0.09  1.26927 
-0.08  1.23949 
-0.07  1.20966 
-0.06  1.17978 
-0.05  1.14987 
-0.04  1.11994 
-0.03  1.08997 
-0.02  1.05999 
-0.01  1.03000 
 0.00  1.00000 
 0.01  0.97000 
 0.02  0.94001 
 0.03  0.91003 
 0.04  0.88006 
 0.05  0.85012 
 0.06  0.82022 
 0.07  0.79034 
 0.08  0.76051 
 0.09  0.73073 
 0.10  0.70100 
 0.11  0.67133 
 0.12  0.64173 
 0.13  0.61220 
 0.14  0.58274 
 0.15  0.55337 
 0.16  0.52410 
 0.17  0.49491 
 0.18  0.46583 
 0.19  0.43686 
 0.20  0.40800 
 0.21  0.37926 
 0.22  0.35065 
 0.23  0.32217 
 0.24  0.29382 
 0.25  0.26562 
 0.26  0.23758 
 0.27  0.20968 
 0.28  0.18195 
 0.29  0.15439 
 0.30  0.12700 
 0.31  0.09979 
 0.32  0.07277 
 0.33  0.04594 
 0.34  0.01930 
 0.35 -0.00713 
 0.36 -0.03334 
 0.37 -0.05935 
 0.38 -0.08513 
 0.39 -0.11068 
 0.40 -0.13600 
 0.41 -0.16108 
 0.42 -0.18591 
 0.43 -0.21049 
 0.44 -0.23482 
 0.45 -0.25888 
 0.46 -0.28266 
 0.47 -0.30618 
 0.48 -0.32941 
 0.49 -0.35235 
 0.50 -0.37500 
 0.51 -0.39735 
 0.52 -0.41939 
 0.53 -0.44112 
 0.54 -0.46254 
 0.55 -0.48363 
 0.56 -0.50438 
 0.57 -0.52481 
 0.58 -0.54489 
 0.59 -0.56462 
 0.60 -0.58400 
 0.61 -0.60302 
 0.62 -0.62167 
 0.63 -0.63995 
 0.64 -0.65786 
 0.65 -0.67538 
 0.66 -0.69250 
 0.67 -0.70924 
 0.68 -0.72557 
 0.69 -0.74149 
 0.70 -0.75700 
 0.71 -0.77209 
 0.72 -0.78675 
 0.73 -0.80098 
 0.74 -0.81478 
 0.75 -0.82813 
 0.76 -0.84102 
 0.77 -0.85347 
 0.78 -0.86545 
 0.79 -0.87696 
 0.80 -0.88800 
 0.81 -0.89856 
 0.82 -0.90863 
 0.83 -0.91821 
 0.84 -0.92730 
 0.85 -0.93588 
 0.86 -0.94394 
 0.87 -0.95150 
 0.88 -0.95853 
 0.89 -0.96503 
 0.90 -0.97100 
 0.91 -0.97643 
 0.92 -0.98131 
 0.93 -0.98564 
 0.94 -0.98942 
 0.95 -0.99263 
 0.96 -0.99526 
 0.97 -0.99733 
 0.98 -0.99881 
 0.99 -0.99970 
 1.00 -1.00000 
 1.01 -0.99970 
 1.02 -0.99879 
 1.03 -0.99727 
 1.04 -0.99514 
 1.05 -0.99237 
 1.06 -0.98898 
 1.07 -0.98496 
 1.08 -0.98029 
 1.09 -0.97497 
 1.10 -0.96900 
 1.11 -0.96237 
 1.12 -0.95507 
 1.13 -0.94710 
 1.14 -0.93846 
 1.15 -0.92912 
 1.16 -0.91910 
 1.17 -0.90839 
 1.18 -0.89697 
 1.19 -0.88484 
 1.20 -0.87200 
 1.21 -0.85844 
 1.22 -0.84415 
 1.23 -0.82913 
 1.24 -0.81338 
 1.25 -0.79687 
 1.26 -0.77962 
 1.27 -0.76162 
 1.28 -0.74285 
 1.29 -0.72331 
 1.30 -0.70300 
 1.31 -0.68191 
 1.32 -0.66003 
 1.33 -0.63736 
 1.34 -0.61390 
 1.35 -0.58962 
 1.36 -0.56454 
 1.37 -0.53865 
 1.38 -0.51193 
 1.39 -0.48438 
 1.40 -0.45600 
 1.41 -0.42678 
 1.42 -0.39671 
 1.43 -0.36579 
 1.44 -0.33402 
 1.45 -0.30137 
 1.46 -0.26786 
 1.47 -0.23348 
 1.48 -0.19821 
 1.49 -0.16205 
 1.50 -0.12500 
 1.51 -0.08705 
 1.52 -0.04819 
 1.53 -0.00842 
 1.54  0.03226 
 1.55  0.07388 
 1.56  0.11642 
 1.57  0.15989 
 1.58  0.20431 
 1.59  0.24968 
 1.60  0.29600 
 1.61  0.34328 
 1.62  0.39153 
 1.63  0.44075 
 1.64  0.49094 
 1.65  0.54213 
 1.66  0.59430 
 1.67  0.64746 
 1.68  0.70163 
 1.69  0.75681 
 1.70  0.81300 
 1.71  0.87021 
 1.72  0.92845 
 1.73  0.98772 
 1.74  1.04802 
 1.75  1.10938 
 1.76  1.17178 
 1.77  1.23523 
 1.78  1.29975 
 1.79  1.36534 
 1.80  1.43200 
 1.81  1.49974 
 1.82  1.56857 
 1.83  1.63849 
 1.84  1.70950 
 1.85  1.78163 
 1.86  1.85486 
 1.87  1.92920 
 1.88  2.00467 
 1.89  2.08127 
 1.90  2.15900 
 1.91  2.23787 
 1.92  2.31789 
 1.93  2.39906 
 1.94  2.48138 
 1.95  2.56488 
 1.96  2.64954 
 1.97  2.73537 
 1.98  2.82239 
 1.99  2.91060 
