1.000000 1.718282
1.010000 1.728318
1.020000 1.738426
1.030000 1.748608
1.040000 1.758863
1.050000 1.769192
1.060000 1.779595
1.070000 1.790074
1.080000 1.800629
1.090000 1.811261
1.100000 1.821969
1.110000 1.832755
1.120000 1.843620
1.130000 1.854563
1.140000 1.865586
1.150000 1.876689
1.160000 1.887874
1.170000 1.899139
1.180000 1.910487
1.190000 1.921917
1.200000 1.933431
1.210000 1.945029
1.220000 1.956711
1.230000 1.968479
1.240000 1.980333
1.250000 1.992274
1.260000 2.004303
1.270000 2.016419
1.280000 2.028625
1.290000 2.040920
1.300000 2.053305
1.310000 2.065781
1.320000 2.078350
1.330000 2.091010
1.340000 2.103764
1.350000 2.116612
1.360000 2.129554
1.370000 2.142592
1.380000 2.155726
1.390000 2.168957
1.400000 2.182286
1.410000 2.195713
1.420000 2.209240
1.430000 2.222867
1.440000 2.236594
1.450000 2.250424
1.460000 2.264356
1.470000 2.278391
1.480000 2.292531
1.490000 2.306776
1.500000 2.321126
1.510000 2.335583
1.520000 2.350148
1.530000 2.364821
1.540000 2.379604
1.550000 2.394497
1.560000 2.409501
1.570000 2.424617
1.580000 2.439845
1.590000 2.455188
1.600000 2.470645
1.610000 2.486218
1.620000 2.501908
1.630000 2.517715
1.640000 2.533640
1.650000 2.549685
1.660000 2.565850
1.670000 2.582136
1.680000 2.598545
1.690000 2.615077
1.700000 2.631734
1.710000 2.648515
1.720000 2.665424
1.730000 2.682459
1.740000 2.699623
1.750000 2.716916
1.760000 2.734339
1.770000 2.751895
1.780000 2.769582
1.790000 2.787404
1.800000 2.805360
1.810000 2.823452
1.820000 2.841680
1.830000 2.860047
1.840000 2.878553
1.850000 2.897200
1.860000 2.915988
1.870000 2.934918
1.880000 2.953992
1.890000 2.973211
1.900000 2.992576
1.910000 3.012088
1.920000 3.031749
1.930000 3.051560
1.940000 3.071521
1.950000 3.091635
1.960000 3.111902
1.970000 3.132323
1.980000 3.152900
1.990000 3.173635
2.000000 3.194528
2.010000 3.215581
2.020000 3.236795
2.030000 3.258171
2.040000 3.279710
2.050000 3.301415
2.060000 3.323286
2.070000 3.345325
2.080000 3.367533
2.090000 3.389912
2.100000 3.412462
2.110000 3.435185
2.120000 3.458084
2.130000 3.481158
2.140000 3.504410
2.150000 3.527841
2.160000 3.551453
2.170000 3.575246
2.180000 3.599223
2.190000 3.623385
2.200000 3.647733
2.210000 3.672270
2.220000 3.696996
2.230000 3.721913
2.240000 3.747023
2.250000 3.772327
2.260000 3.797827
2.270000 3.823525
2.280000 3.849421
2.290000 3.875519
2.300000 3.901818
2.310000 3.928322
2.320000 3.955032
2.330000 3.981949
2.340000 4.009075
2.350000 4.036413
2.360000 4.063962
2.370000 4.091727
2.380000 4.119707
2.390000 4.147905
2.400000 4.176323
2.410000 4.204963
2.420000 4.233826
2.430000 4.262914
2.440000 4.292230
2.450000 4.321774
2.460000 4.351549
2.470000 4.381557
2.480000 4.411800
2.490000 4.442280
2.500000 4.472998
2.510000 4.503956
2.520000 4.535157
2.530000 4.566603
2.540000 4.598296
2.550000 4.630237
2.560000 4.662429
2.570000 4.694873
2.580000 4.727573
2.590000 4.760530
2.600000 4.793745
2.610000 4.827223
2.620000 4.860963
2.630000 4.894970
2.640000 4.929244
2.650000 4.963788
2.660000 4.998605
2.670000 5.033696
2.680000 5.069065
2.690000 5.104712
2.700000 5.140641
2.710000 5.176854
2.720000 5.213354
2.730000 5.250142
2.740000 5.287221
2.750000 5.324593
2.760000 5.362262
2.770000 5.400229
2.780000 5.438497
2.790000 5.477068
2.800000 5.515945
2.810000 5.555131
2.820000 5.594628
2.830000 5.634438
2.840000 5.674565
2.850000 5.715011
2.860000 5.755779
2.870000 5.796870
2.880000 5.838289
2.890000 5.880038
2.900000 5.922119
2.910000 5.964536
2.920000 6.007290
2.930000 6.050386
2.940000 6.093825
2.950000 6.137611
2.960000 6.181747
2.970000 6.226236
2.980000 6.271079
2.990000 6.316282
