0.000000 0.000000
0.010000 0.007979
0.020000 0.015957
0.030000 0.023933
0.040000 0.031907
0.050000 0.039878
0.060000 0.047844
0.070000 0.055806
0.080000 0.063763
0.090000 0.071713
0.100000 0.079656
0.110000 0.087591
0.120000 0.095517
0.130000 0.103434
0.140000 0.111340
0.150000 0.119235
0.160000 0.127119
0.170000 0.134990
0.180000 0.142847
0.190000 0.150691
0.200000 0.158519
0.210000 0.166332
0.220000 0.174129
0.230000 0.181908
0.240000 0.189670
0.250000 0.197413
0.260000 0.205136
0.270000 0.212840
0.280000 0.220522
0.290000 0.228184
0.300000 0.235823
0.310000 0.243439
0.320000 0.251032
0.330000 0.258600
0.340000 0.266143
0.350000 0.273661
0.360000 0.281153
0.370000 0.288618
0.380000 0.296055
0.390000 0.303463
0.400000 0.310843
0.410000 0.318194
0.420000 0.325515
0.430000 0.332804
0.440000 0.340063
0.450000 0.347290
0.460000 0.354484
0.470000 0.361645
0.480000 0.368773
0.490000 0.375866
0.500000 0.382925
0.510000 0.389949
0.520000 0.396936
0.530000 0.403888
0.540000 0.410803
0.550000 0.417681
0.560000 0.424521
0.570000 0.431322
0.580000 0.438085
0.590000 0.444809
0.600000 0.451494
0.610000 0.458138
0.620000 0.464742
0.630000 0.471305
0.640000 0.477827
0.650000 0.484308
0.660000 0.490746
0.670000 0.497142
0.680000 0.503496
0.690000 0.509806
0.700000 0.516073
0.710000 0.522296
0.720000 0.528475
0.730000 0.534610
0.740000 0.540700
0.750000 0.546745
0.760000 0.552745
0.770000 0.558700
0.780000 0.564609
0.790000 0.570472
0.800000 0.576289
0.810000 0.582060
0.820000 0.587784
0.830000 0.593461
0.840000 0.599092
0.850000 0.604675
0.860000 0.610211
0.870000 0.615700
0.880000 0.621141
0.890000 0.626534
0.900000 0.631880
0.910000 0.637177
0.920000 0.642427
0.930000 0.647629
0.940000 0.652782
0.950000 0.657888
0.960000 0.662945
0.970000 0.667954
0.980000 0.672914
0.990000 0.677826
1.000000 0.682689
1.010000 0.687505
1.020000 0.692272
1.030000 0.696990
1.040000 0.701660
1.050000 0.706282
1.060000 0.710855
1.070000 0.715381
1.080000 0.719858
1.090000 0.724287
1.100000 0.728668
1.110000 0.733001
1.120000 0.737286
1.130000 0.741524
1.140000 0.745714
1.150000 0.749856
1.160000 0.753951
1.170000 0.757999
1.180000 0.762000
1.190000 0.765954
1.200000 0.769861
1.210000 0.773721
1.220000 0.777535
1.230000 0.781303
1.240000 0.785025
1.250000 0.788700
1.260000 0.792331
1.270000 0.795915
1.280000 0.799455
1.290000 0.802949
1.300000 0.806399
1.310000 0.809804
1.320000 0.813165
1.330000 0.816482
1.340000 0.819755
1.350000 0.822984
1.360000 0.826170
1.370000 0.829313
1.380000 0.832413
1.390000 0.835471
1.400000 0.838487
1.410000 0.841460
1.420000 0.844392
1.430000 0.847283
1.440000 0.850133
1.450000 0.852941
1.460000 0.855710
1.470000 0.858438
1.480000 0.861127
1.490000 0.863776
1.500000 0.866386
1.510000 0.868957
1.520000 0.871489
1.530000 0.873983
1.540000 0.876440
1.550000 0.878858
1.560000 0.881240
1.570000 0.883585
1.580000 0.885893
1.590000 0.888165
1.600000 0.890401
1.610000 0.892602
1.620000 0.894768
1.630000 0.896899
1.640000 0.898995
1.650000 0.901057
1.660000 0.903086
1.670000 0.905081
1.680000 0.907043
1.690000 0.908972
1.700000 0.910869
1.710000 0.912734
1.720000 0.914568
1.730000 0.916370
1.740000 0.918141
1.750000 0.919882
1.760000 0.921592
1.770000 0.923273
1.780000 0.924924
1.790000 0.926546
1.800000 0.928139
1.810000 0.929704
1.820000 0.931241
1.830000 0.932750
1.840000 0.934232
1.850000 0.935686
1.860000 0.937114
1.870000 0.938516
1.880000 0.939892
1.890000 0.941242
1.900000 0.942567
1.910000 0.943867
1.920000 0.945142
1.930000 0.946393
1.940000 0.947620
1.950000 0.948824
1.960000 0.950004
1.970000 0.951162
1.980000 0.952296
1.990000 0.953409
2.000000 0.954500
2.010000 0.955569
2.020000 0.956617
2.030000 0.957643
2.040000 0.958650
2.050000 0.959636
2.060000 0.960601
2.070000 0.961548
2.080000 0.962474
2.090000 0.963382
2.100000 0.964271
2.110000 0.965142
2.120000 0.965994
2.130000 0.966828
2.140000 0.967645
2.150000 0.968445
2.160000 0.969227
2.170000 0.969993
2.180000 0.970743
2.190000 0.971476
2.200000 0.972193
2.210000 0.972895
2.220000 0.973581
2.230000 0.974253
2.240000 0.974909
2.250000 0.975551
2.260000 0.976179
2.270000 0.976792
2.280000 0.977392
2.290000 0.977979
2.300000 0.978552
2.310000 0.979112
2.320000 0.979659
2.330000 0.980194
2.340000 0.980716
2.350000 0.981227
2.360000 0.981725
2.370000 0.982212
2.380000 0.982687
2.390000 0.983152
2.400000 0.983605
2.410000 0.984047
2.420000 0.984479
2.430000 0.984901
2.440000 0.985313
2.450000 0.985714
2.460000 0.986106
2.470000 0.986489
2.480000 0.986862
2.490000 0.987226
2.500000 0.987581
2.510000 0.987927
2.520000 0.988265
2.530000 0.988594
2.540000 0.988915
2.550000 0.989228
2.560000 0.989533
2.570000 0.989830
2.580000 0.990120
2.590000 0.990402
2.600000 0.990678
2.610000 0.990946
2.620000 0.991207
2.630000 0.991462
2.640000 0.991709
2.650000 0.991951
2.660000 0.992186
2.670000 0.992415
2.680000 0.992638
2.690000 0.992855
2.700000 0.993066
2.710000 0.993272
2.720000 0.993472
2.730000 0.993667
2.740000 0.993856
2.750000 0.994040
2.760000 0.994220
2.770000 0.994394
2.780000 0.994564
2.790000 0.994729
2.800000 0.994890
2.810000 0.995046
2.820000 0.995198
2.830000 0.995345
2.840000 0.995489
2.850000 0.995628
2.860000 0.995764
2.870000 0.995895
2.880000 0.996023
2.890000 0.996148
2.900000 0.996268
2.910000 0.996386
2.920000 0.996500
2.930000 0.996610
2.940000 0.996718
2.950000 0.996822
2.960000 0.996924
2.970000 0.997022
2.980000 0.997118
2.990000 0.997210
