0.000000e+00 1.000000e+00 0.000000e+00 1.000000e+00 0.000000e+00 0.000000e+00 nan
1.000000e-02 1.010000e+00 1.000000e-02 1.010100e+00 1.000033e-02 9.933172e-05 3.333256e-05
2.000000e-02 1.020200e+00 2.000000e-02 1.020403e+00 2.000267e-02 1.986406e-04 1.333209e-04
3.000000e-02 1.030602e+00 3.000200e-02 1.030909e+00 3.000900e-02 2.979271e-04 2.332903e-04
4.000000e-02 1.041208e+00 4.000800e-02 1.041622e+00 4.002134e-02 3.971916e-04 3.332409e-04
5.000000e-02 1.052020e+00 5.002000e-02 1.052543e+00 5.004168e-02 4.964345e-04 4.331726e-04
6.000000e-02 1.063041e+00 6.004000e-02 1.063674e+00 6.007203e-02 5.956561e-04 5.330855e-04
7.000000e-02 1.074271e+00 7.007001e-02 1.075018e+00 7.011439e-02 6.948568e-04 6.329795e-04
8.000000e-02 1.085715e+00 8.011202e-02 1.086578e+00 8.017078e-02 7.940371e-04 7.328547e-04
9.000000e-02 1.097373e+00 9.016805e-02 1.098354e+00 9.024320e-02 8.931971e-04 8.327110e-04
1.000000e-01 1.109249e+00 1.002401e-01 1.110350e+00 1.003337e-01 9.923373e-04 9.325486e-04
1.100000e-01 1.121343e+00 1.103302e-01 1.122569e+00 1.104442e-01 1.091458e-03 1.032367e-03
1.200000e-01 1.133660e+00 1.204403e-01 1.135011e+00 1.205768e-01 1.190560e-03 1.132167e-03
1.300000e-01 1.146201e+00 1.305725e-01 1.147681e+00 1.307336e-01 1.289643e-03 1.231949e-03
1.400000e-01 1.158969e+00 1.407288e-01 1.160581e+00 1.409165e-01 1.388707e-03 1.331711e-03
1.500000e-01 1.171966e+00 1.509112e-01 1.173712e+00 1.511275e-01 1.487753e-03 1.431455e-03
1.600000e-01 1.185195e+00 1.611217e-01 1.187078e+00 1.613688e-01 1.586782e-03 1.531180e-03
1.700000e-01 1.198658e+00 1.713625e-01 1.200682e+00 1.716424e-01 1.685792e-03 1.630887e-03
1.800000e-01 1.212358e+00 1.816354e-01 1.214526e+00 1.819503e-01 1.784786e-03 1.730574e-03
1.900000e-01 1.226298e+00 1.919427e-01 1.228612e+00 1.922946e-01 1.883763e-03 1.830244e-03
2.000000e-01 1.240480e+00 2.022862e-01 1.242945e+00 2.026774e-01 1.982722e-03 1.929894e-03
2.100000e-01 1.254908e+00 2.126681e-01 1.257526e+00 2.131006e-01 2.081666e-03 2.029526e-03
2.200000e-01 1.269584e+00 2.230905e-01 1.272358e+00 2.235666e-01 2.180593e-03 2.129140e-03
2.300000e-01 1.284510e+00 2.335555e-01 1.287445e+00 2.340772e-01 2.279505e-03 2.228735e-03
2.400000e-01 1.299691e+00 2.440650e-01 1.302790e+00 2.446346e-01 2.378400e-03 2.328312e-03
2.500000e-01 1.315129e+00 2.546213e-01 1.318395e+00 2.552410e-01 2.477281e-03 2.427870e-03
2.600000e-01 1.330826e+00 2.652264e-01 1.334263e+00 2.658984e-01 2.576146e-03 2.527410e-03
2.700000e-01 1.346787e+00 2.758824e-01 1.350399e+00 2.766090e-01 2.674996e-03 2.626932e-03
2.800000e-01 1.363013e+00 2.865914e-01 1.366805e+00 2.873749e-01 2.773832e-03 2.726435e-03
2.900000e-01 1.379509e+00 2.973556e-01 1.383484e+00 2.981983e-01 2.872653e-03 2.825920e-03
3.000000e-01 1.396278e+00 3.081772e-01 1.400439e+00 3.090813e-01 2.971459e-03 2.925387e-03
3.100000e-01 1.413323e+00 3.190582e-01 1.417675e+00 3.200262e-01 3.070252e-03 3.024836e-03
3.200000e-01 1.430646e+00 3.300008e-01 1.435195e+00 3.310351e-01 3.169031e-03 3.124266e-03
3.300000e-01 1.448253e+00 3.410073e-01 1.453001e+00 3.421101e-01 3.267796e-03 3.223678e-03
3.400000e-01 1.466146e+00 3.520797e-01 1.471098e+00 3.532536e-01 3.366547e-03 3.323073e-03
3.500000e-01 1.484328e+00 3.632204e-01 1.489489e+00 3.644678e-01 3.465286e-03 3.422449e-03
3.600000e-01 1.502803e+00 3.744315e-01 1.508178e+00 3.757548e-01 3.564011e-03 3.521808e-03
3.700000e-01 1.521576e+00 3.857152e-01 1.527169e+00 3.871170e-01 3.662723e-03 3.621148e-03
3.800000e-01 1.540649e+00 3.970738e-01 1.546465e+00 3.985566e-01 3.761422e-03 3.720471e-03
3.900000e-01 1.560026e+00 4.085095e-01 1.566071e+00 4.100759e-01 3.860108e-03 3.819776e-03
4.000000e-01 1.579711e+00 4.200247e-01 1.585990e+00 4.216773e-01 3.958782e-03 3.919063e-03
4.100000e-01 1.599708e+00 4.316216e-01 1.606226e+00 4.333630e-01 4.057444e-03 4.018332e-03
4.200000e-01 1.620022e+00 4.433024e-01 1.626783e+00 4.451353e-01 4.156093e-03 4.117584e-03
4.300000e-01 1.640655e+00 4.550696e-01 1.647665e+00 4.569967e-01 4.254731e-03 4.216818e-03
4.400000e-01 1.661612e+00 4.669255e-01 1.668877e+00 4.689495e-01 4.353356e-03 4.316035e-03
4.500000e-01 1.682898e+00 4.788723e-01 1.690423e+00 4.809961e-01 4.451969e-03 4.415234e-03
4.600000e-01 1.704515e+00 4.909126e-01 1.712307e+00 4.931388e-01 4.550571e-03 4.514416e-03
4.700000e-01 1.726470e+00 5.030486e-01 1.734534e+00 5.053802e-01 4.649161e-03 4.613580e-03
4.800000e-01 1.748765e+00 5.152828e-01 1.757107e+00 5.177227e-01 4.747740e-03 4.712728e-03
4.900000e-01 1.771405e+00 5.276177e-01 1.780032e+00 5.301688e-01 4.846307e-03 4.811857e-03
5.000000e-01 1.794396e+00 5.400555e-01 1.803313e+00 5.427208e-01 4.944863e-03 4.910970e-03
5.100000e-01 1.817740e+00 5.525989e-01 1.826954e+00 5.553814e-01 5.043408e-03 5.010065e-03
5.200000e-01 1.841443e+00 5.652503e-01 1.850961e+00 5.681531e-01 5.141942e-03 5.109144e-03
5.300000e-01 1.865510e+00 5.780123e-01 1.875338e+00 5.810384e-01 5.240464e-03 5.208205e-03
5.400000e-01 1.889946e+00 5.908873e-01 1.900090e+00 5.940400e-01 5.338976e-03 5.307250e-03
5.500000e-01 1.914754e+00 6.038778e-01 1.925222e+00 6.071603e-01 5.437477e-03 5.406277e-03
5.600000e-01 1.939940e+00 6.169866e-01 1.950739e+00 6.204021e-01 5.535967e-03 5.505288e-03
5.700000e-01 1.965510e+00 6.302161e-01 1.976647e+00 6.337680e-01 5.634447e-03 5.604282e-03
5.800000e-01 1.991467e+00 6.435691e-01 2.002949e+00 6.472606e-01 5.732916e-03 5.703259e-03
5.900000e-01 2.017817e+00 6.570480e-01 2.029653e+00 6.608826e-01 5.831374e-03 5.802220e-03
6.000000e-01 2.044566e+00 6.706557e-01 2.056762e+00 6.746369e-01 5.929822e-03 5.901164e-03
6.100000e-01 2.071718e+00 6.843948e-01 2.084283e+00 6.885261e-01 6.028260e-03 6.000091e-03
6.200000e-01 2.099279e+00 6.982681e-01 2.112220e+00 7.025529e-01 6.126687e-03 6.099002e-03
6.300000e-01 2.127255e+00 7.122782e-01 2.140580e+00 7.167203e-01 6.225104e-03 6.197897e-03
6.400000e-01 2.155650e+00 7.264279e-01 2.169368e+00 7.310311e-01 6.323511e-03 6.296775e-03
6.500000e-01 2.184471e+00 7.407202e-01 2.198590e+00 7.454880e-01 6.421907e-03 6.395637e-03
6.600000e-01 2.213723e+00 7.551577e-01 2.228251e+00 7.600941e-01 6.520294e-03 6.494483e-03
6.700000e-01 2.243411e+00 7.697433e-01 2.258359e+00 7.748522e-01 6.618670e-03 6.593312e-03
6.800000e-01 2.273543e+00 7.844800e-01 2.288918e+00 7.897652e-01 6.717037e-03 6.692126e-03
6.900000e-01 2.304123e+00 7.993706e-01 2.319934e+00 8.048362e-01 6.815393e-03 6.790923e-03
7.000000e-01 2.335158e+00 8.144182e-01 2.351415e+00 8.200682e-01 6.913740e-03 6.889705e-03
7.100000e-01 2.366654e+00 8.296256e-01 2.383366e+00 8.354642e-01 7.012077e-03 6.988471e-03
7.200000e-01 2.398617e+00 8.449958e-01 2.415794e+00 8.510273e-01 7.110403e-03 7.087221e-03
7.300000e-01 2.431053e+00 8.605320e-01 2.448705e+00 8.667605e-01 7.208721e-03 7.185955e-03
7.400000e-01 2.463969e+00 8.762373e-01 2.482105e+00 8.826672e-01 7.307028e-03 7.284674e-03
7.500000e-01 2.497371e+00 8.921146e-01 2.516003e+00 8.987504e-01 7.405326e-03 7.383377e-03
7.600000e-01 2.531266e+00 9.081671e-01 2.550403e+00 9.150133e-01 7.503613e-03 7.482064e-03
7.700000e-01 2.565660e+00 9.243981e-01 2.585313e+00 9.314593e-01 7.601892e-03 7.580736e-03
7.800000e-01 2.600560e+00 9.408107e-01 2.620741e+00 9.480915e-01 7.700160e-03 7.679392e-03
7.900000e-01 2.635974e+00 9.574082e-01 2.656692e+00 9.649134e-01 7.798419e-03 7.778034e-03
8.000000e-01 2.671908e+00 9.741939e-01 2.693175e+00 9.819282e-01 7.896669e-03 7.876659e-03
8.100000e-01 2.708369e+00 9.911710e-01 2.730197e+00 9.991394e-01 7.994909e-03 7.975270e-03
8.200000e-01 2.745364e+00 1.008343e+00 2.767764e+00 1.016551e+00 8.093139e-03 8.073866e-03
8.300000e-01 2.782901e+00 1.025713e+00 2.805886e+00 1.034165e+00 8.191360e-03 8.172446e-03
8.400000e-01 2.820988e+00 1.043285e+00 2.844568e+00 1.051986e+00 8.289571e-03 8.271012e-03
8.500000e-01 2.859630e+00 1.061062e+00 2.883819e+00 1.070018e+00 8.387773e-03 8.369562e-03
8.600000e-01 2.898837e+00 1.079048e+00 2.923647e+00 1.088263e+00 8.485965e-03 8.468098e-03
8.700000e-01 2.938616e+00 1.097246e+00 2.964060e+00 1.106727e+00 8.584148e-03 8.566619e-03
8.800000e-01 2.978975e+00 1.115659e+00 3.005066e+00 1.125411e+00 8.682322e-03 8.665125e-03
8.900000e-01 3.019921e+00 1.134293e+00 3.046672e+00 1.144321e+00 8.780486e-03 8.763616e-03
9.000000e-01 3.061463e+00 1.153149e+00 3.088888e+00 1.163460e+00 8.878640e-03 8.862093e-03
9.100000e-01 3.103609e+00 1.172232e+00 3.131722e+00 1.182831e+00 8.976786e-03 8.960555e-03
9.200000e-01 3.146368e+00 1.191546e+00 3.175182e+00 1.202439e+00 9.074922e-03 9.059002e-03
9.300000e-01 3.189747e+00 1.211094e+00 3.219277e+00 1.222287e+00 9.173048e-03 9.157436e-03
9.400000e-01 3.233755e+00 1.230881e+00 3.264017e+00 1.242380e+00 9.271165e-03 9.255855e-03
9.500000e-01 3.278402e+00 1.250909e+00 3.309408e+00 1.262721e+00 9.369273e-03 9.354259e-03
9.600000e-01 3.323695e+00 1.271184e+00 3.355462e+00 1.283315e+00 9.467372e-03 9.452649e-03
9.700000e-01 3.369644e+00 1.291709e+00 3.402187e+00 1.304165e+00 9.565461e-03 9.551026e-03
9.800000e-01 3.416257e+00 1.312489e+00 3.449592e+00 1.325277e+00 9.663541e-03 9.649388e-03
9.900000e-01 3.463545e+00 1.333526e+00 3.497688e+00 1.346653e+00 9.761611e-03 9.747735e-03
1.000000e+00 3.511515e+00 1.354827e+00 3.546482e+00 1.368299e+00 9.859673e-03 9.846069e-03
