0.000000e+00 1.000000e+00 0.000000e+00 1.000000e+00 0.000000e+00 0.000000e+00 nan
1.000000e-02 1.010100e+00 1.000033e-02 1.010100e+00 1.000033e-02 3.311018e-12 3.333238e-10
2.000000e-02 1.020403e+00 2.000267e-02 1.020403e+00 2.000267e-02 6.686762e-12 3.333350e-10
3.000000e-02 1.030909e+00 3.000900e-02 1.030909e+00 3.000900e-02 1.012512e-11 3.333905e-10
4.000000e-02 1.041622e+00 4.002134e-02 1.041622e+00 4.002134e-02 1.362443e-11 3.334906e-10
5.000000e-02 1.052543e+00 5.004168e-02 1.052543e+00 5.004168e-02 1.718292e-11 3.336349e-10
6.000000e-02 1.063674e+00 6.007203e-02 1.063674e+00 6.007203e-02 2.079803e-11 3.338236e-10
7.000000e-02 1.075018e+00 7.011439e-02 1.075018e+00 7.011439e-02 2.446832e-11 3.340567e-10
8.000000e-02 1.086578e+00 8.017078e-02 1.086578e+00 8.017078e-02 2.819223e-11 3.343341e-10
9.000000e-02 1.098354e+00 9.024320e-02 1.098354e+00 9.024320e-02 3.196732e-11 3.346555e-10
1.000000e-01 1.110350e+00 1.003337e-01 1.110350e+00 1.003337e-01 3.579270e-11 3.350213e-10
1.100000e-01 1.122569e+00 1.104442e-01 1.122569e+00 1.104442e-01 3.966627e-11 3.354310e-10
1.200000e-01 1.135011e+00 1.205768e-01 1.135011e+00 1.205768e-01 4.358625e-11 3.358847e-10
1.300000e-01 1.147681e+00 1.307336e-01 1.147681e+00 1.307336e-01 4.755085e-11 3.363825e-10
1.400000e-01 1.160581e+00 1.409165e-01 1.160581e+00 1.409165e-01 5.155898e-11 3.369239e-10
1.500000e-01 1.173712e+00 1.511275e-01 1.173712e+00 1.511275e-01 5.560896e-11 3.375094e-10
1.600000e-01 1.187078e+00 1.613688e-01 1.187078e+00 1.613688e-01 5.969913e-11 3.381384e-10
1.700000e-01 1.200682e+00 1.716424e-01 1.200682e+00 1.716424e-01 6.382783e-11 3.388111e-10
1.800000e-01 1.214526e+00 1.819503e-01 1.214526e+00 1.819503e-01 6.799394e-11 3.395267e-10
1.900000e-01 1.228612e+00 1.922946e-01 1.228612e+00 1.922946e-01 7.219592e-11 3.402861e-10
2.000000e-01 1.242945e+00 2.026774e-01 1.242945e+00 2.026774e-01 7.643230e-11 3.410888e-10
2.100000e-01 1.257526e+00 2.131006e-01 1.257526e+00 2.131006e-01 8.070178e-11 3.419341e-10
2.200000e-01 1.272358e+00 2.235666e-01 1.272358e+00 2.235666e-01 8.500312e-11 3.428225e-10
2.300000e-01 1.287445e+00 2.340772e-01 1.287445e+00 2.340772e-01 8.933487e-11 3.437538e-10
2.400000e-01 1.302790e+00 2.446346e-01 1.302790e+00 2.446346e-01 9.369616e-11 3.447277e-10
2.500000e-01 1.318395e+00 2.552410e-01 1.318395e+00 2.552410e-01 9.808532e-11 3.457439e-10
2.600000e-01 1.334263e+00 2.658984e-01 1.334263e+00 2.658984e-01 1.025015e-10 3.468025e-10
2.700000e-01 1.350399e+00 2.766090e-01 1.350399e+00 2.766090e-01 1.069433e-10 3.479034e-10
2.800000e-01 1.366805e+00 2.873749e-01 1.366805e+00 2.873749e-01 1.114100e-10 3.490459e-10
2.900000e-01 1.383484e+00 2.981983e-01 1.383484e+00 2.981983e-01 1.159002e-10 3.502301e-10
3.000000e-01 1.400439e+00 3.090813e-01 1.400439e+00 3.090813e-01 1.204130e-10 3.514562e-10
3.100000e-01 1.417675e+00 3.200262e-01 1.417675e+00 3.200262e-01 1.249471e-10 3.527235e-10
3.200000e-01 1.435195e+00 3.310351e-01 1.435195e+00 3.310351e-01 1.295021e-10 3.540320e-10
3.300000e-01 1.453001e+00 3.421101e-01 1.453001e+00 3.421101e-01 1.340765e-10 3.553816e-10
3.400000e-01 1.471098e+00 3.532536e-01 1.471098e+00 3.532536e-01 1.386696e-10 3.567719e-10
3.500000e-01 1.489489e+00 3.644678e-01 1.489489e+00 3.644678e-01 1.432805e-10 3.582027e-10
3.600000e-01 1.508178e+00 3.757548e-01 1.508178e+00 3.757548e-01 1.479086e-10 3.596735e-10
3.700000e-01 1.527169e+00 3.871170e-01 1.527169e+00 3.871170e-01 1.525527e-10 3.611850e-10
3.800000e-01 1.546465e+00 3.985566e-01 1.546465e+00 3.985566e-01 1.572122e-10 3.627364e-10
3.900000e-01 1.566071e+00 4.100759e-01 1.566071e+00 4.100759e-01 1.618861e-10 3.643269e-10
4.000000e-01 1.585990e+00 4.216773e-01 1.585990e+00 4.216773e-01 1.665739e-10 3.659574e-10
4.100000e-01 1.606226e+00 4.333630e-01 1.606226e+00 4.333630e-01 1.712747e-10 3.676266e-10
4.200000e-01 1.626783e+00 4.451353e-01 1.626783e+00 4.451353e-01 1.759880e-10 3.693348e-10
4.300000e-01 1.647665e+00 4.569967e-01 1.647665e+00 4.569967e-01 1.807131e-10 3.710818e-10
4.400000e-01 1.668877e+00 4.689495e-01 1.668877e+00 4.689495e-01 1.854492e-10 3.728672e-10
4.500000e-01 1.690423e+00 4.809961e-01 1.690423e+00 4.809961e-01 1.901957e-10 3.746906e-10
4.600000e-01 1.712307e+00 4.931388e-01 1.712307e+00 4.931388e-01 1.949521e-10 3.765521e-10
4.700000e-01 1.734534e+00 5.053802e-01 1.734534e+00 5.053802e-01 1.997176e-10 3.784510e-10
4.800000e-01 1.757107e+00 5.177227e-01 1.757107e+00 5.177227e-01 2.044919e-10 3.803875e-10
4.900000e-01 1.780032e+00 5.301688e-01 1.780032e+00 5.301688e-01 2.092743e-10 3.823608e-10
5.000000e-01 1.803313e+00 5.427208e-01 1.803313e+00 5.427208e-01 2.140648e-10 3.843712e-10
5.100000e-01 1.826954e+00 5.553814e-01 1.826954e+00 5.553814e-01 2.188620e-10 3.864181e-10
5.200000e-01 1.850961e+00 5.681531e-01 1.850961e+00 5.681531e-01 2.236660e-10 3.885011e-10
5.300000e-01 1.875338e+00 5.810384e-01 1.875338e+00 5.810384e-01 2.284763e-10 3.906202e-10
5.400000e-01 1.900090e+00 5.940400e-01 1.900090e+00 5.940400e-01 2.332924e-10 3.927748e-10
5.500000e-01 1.925222e+00 6.071603e-01 1.925222e+00 6.071603e-01 2.381139e-10 3.949649e-10
5.600000e-01 1.950739e+00 6.204021e-01 1.950739e+00 6.204021e-01 2.429401e-10 3.971901e-10
5.700000e-01 1.976647e+00 6.337680e-01 1.976647e+00 6.337680e-01 2.477712e-10 3.994501e-10
5.800000e-01 2.002949e+00 6.472606e-01 2.002949e+00 6.472606e-01 2.526065e-10 4.017443e-10
5.900000e-01 2.029653e+00 6.608826e-01 2.029653e+00 6.608826e-01 2.574456e-10 4.040730e-10
6.000000e-01 2.056762e+00 6.746369e-01 2.056762e+00 6.746369e-01 2.622882e-10 4.064352e-10
6.100000e-01 2.084283e+00 6.885261e-01 2.084283e+00 6.885261e-01 2.671340e-10 4.088314e-10
6.200000e-01 2.112220e+00 7.025529e-01 2.112220e+00 7.025529e-01 2.719828e-10 4.112607e-10
6.300000e-01 2.140580e+00 7.167203e-01 2.140580e+00 7.167203e-01 2.768341e-10 4.137232e-10
6.400000e-01 2.169368e+00 7.310311e-01 2.169368e+00 7.310311e-01 2.816876e-10 4.162179e-10
6.500000e-01 2.198590e+00 7.454880e-01 2.198590e+00 7.454880e-01 2.865433e-10 4.187454e-10
6.600000e-01 2.228251e+00 7.600941e-01 2.228251e+00 7.600941e-01 2.914009e-10 4.213047e-10
6.700000e-01 2.258359e+00 7.748522e-01 2.258359e+00 7.748522e-01 2.962598e-10 4.238956e-10
6.800000e-01 2.288918e+00 7.897652e-01 2.288918e+00 7.897652e-01 3.011202e-10 4.265180e-10
6.900000e-01 2.319934e+00 8.048362e-01 2.319934e+00 8.048362e-01 3.059815e-10 4.291713e-10
7.000000e-01 2.351415e+00 8.200682e-01 2.351415e+00 8.200682e-01 3.108440e-10 4.318558e-10
7.100000e-01 2.383366e+00 8.354642e-01 2.383366e+00 8.354642e-01 3.157069e-10 4.345704e-10
7.200000e-01 2.415794e+00 8.510273e-01 2.415794e+00 8.510273e-01 3.205702e-10 4.373151e-10
7.300000e-01 2.448705e+00 8.667605e-01 2.448705e+00 8.667605e-01 3.254339e-10 4.400897e-10
7.400000e-01 2.482105e+00 8.826672e-01 2.482105e+00 8.826672e-01 3.302980e-10 4.428941e-10
7.500000e-01 2.516003e+00 8.987504e-01 2.516003e+00 8.987504e-01 3.351617e-10 4.457272e-10
7.600000e-01 2.550403e+00 9.150133e-01 2.550403e+00 9.150133e-01 3.400255e-10 4.485896e-10
7.700000e-01 2.585313e+00 9.314593e-01 2.585313e+00 9.314593e-01 3.448888e-10 4.514802e-10
7.800000e-01 2.620741e+00 9.480915e-01 2.620741e+00 9.480915e-01 3.497516e-10 4.543992e-10
7.900000e-01 2.656692e+00 9.649134e-01 2.656692e+00 9.649134e-01 3.546138e-10 4.573460e-10
8.000000e-01 2.693175e+00 9.819282e-01 2.693175e+00 9.819282e-01 3.594753e-10 4.603204e-10
8.100000e-01 2.730197e+00 9.991394e-01 2.730197e+00 9.991394e-01 3.643359e-10 4.633219e-10
8.200000e-01 2.767764e+00 1.016551e+00 2.767764e+00 1.016551e+00 3.691957e-10 4.663504e-10
8.300000e-01 2.805886e+00 1.034165e+00 2.805886e+00 1.034165e+00 3.740543e-10 4.694056e-10
8.400000e-01 2.844568e+00 1.051986e+00 2.844568e+00 1.051986e+00 3.789119e-10 4.724872e-10
8.500000e-01 2.883819e+00 1.070018e+00 2.883819e+00 1.070018e+00 3.837681e-10 4.755947e-10
8.600000e-01 2.923647e+00 1.088263e+00 2.923647e+00 1.088263e+00 3.886231e-10 4.787278e-10
8.700000e-01 2.964060e+00 1.106727e+00 2.964060e+00 1.106727e+00 3.934765e-10 4.818862e-10
8.800000e-01 3.005066e+00 1.125411e+00 3.005066e+00 1.125411e+00 3.983287e-10 4.850699e-10
8.900000e-01 3.046672e+00 1.144321e+00 3.046672e+00 1.144321e+00 4.031793e-10 4.882783e-10
9.000000e-01 3.088888e+00 1.163460e+00 3.088888e+00 1.163460e+00 4.080281e-10 4.915108e-10
9.100000e-01 3.131722e+00 1.182831e+00 3.131722e+00 1.182831e+00 4.128754e-10 4.947679e-10
9.200000e-01 3.175182e+00 1.202439e+00 3.175182e+00 1.202439e+00 4.177209e-10 4.980485e-10
9.300000e-01 3.219277e+00 1.222287e+00 3.219277e+00 1.222287e+00 4.225646e-10 5.013525e-10
9.400000e-01 3.264017e+00 1.242380e+00 3.264017e+00 1.242380e+00 4.274067e-10 5.046799e-10
9.500000e-01 3.309408e+00 1.262721e+00 3.309408e+00 1.262721e+00 4.322466e-10 5.080302e-10
9.600000e-01 3.355462e+00 1.283315e+00 3.355462e+00 1.283315e+00 4.370845e-10 5.114028e-10
9.700000e-01 3.402187e+00 1.304165e+00 3.402187e+00 1.304165e+00 4.419207e-10 5.147978e-10
9.800000e-01 3.449592e+00 1.325277e+00 3.449592e+00 1.325277e+00 4.467550e-10 5.182148e-10
9.900000e-01 3.497688e+00 1.346653e+00 3.497688e+00 1.346653e+00 4.515871e-10 5.216533e-10
1.000000e+00 3.546482e+00 1.368299e+00 3.546482e+00 1.368299e+00 4.564172e-10 5.251133e-10
