0.000000 1.000000 1.000000 0.000000 0.000000
0.010000 1.010100 1.010100 0.010000 0.010000
0.020000 1.020403 1.020403 0.020003 0.020003
0.030000 1.030909 1.030909 0.030009 0.030009
0.040000 1.041622 1.041622 0.040021 0.040021
0.050000 1.052543 1.052543 0.050042 0.050042
0.060000 1.063674 1.063674 0.060072 0.060072
0.070000 1.075018 1.075018 0.070114 0.070114
0.080000 1.086578 1.086578 0.080171 0.080171
0.090000 1.098354 1.098354 0.090243 0.090243
0.100000 1.110350 1.110350 0.100334 0.100334
0.110000 1.122569 1.122569 0.110444 0.110444
0.120000 1.135011 1.135011 0.120577 0.120577
0.130000 1.147681 1.147681 0.130734 0.130734
0.140000 1.160581 1.160581 0.140916 0.140916
0.150000 1.173712 1.173712 0.151128 0.151128
0.160000 1.187078 1.187078 0.161369 0.161369
0.170000 1.200682 1.200682 0.171642 0.171642
0.180000 1.214526 1.214526 0.181950 0.181950
0.190000 1.228612 1.228612 0.192295 0.192295
0.200000 1.242945 1.242945 0.202677 0.202677
0.210000 1.257526 1.257526 0.213101 0.213101
0.220000 1.272358 1.272358 0.223567 0.223567
0.230000 1.287445 1.287445 0.234077 0.234077
0.240000 1.302790 1.302790 0.244635 0.244635
0.250000 1.318395 1.318395 0.255241 0.255241
0.260000 1.334263 1.334263 0.265898 0.265898
0.270000 1.350399 1.350399 0.276609 0.276609
0.280000 1.366805 1.366805 0.287375 0.287375
0.290000 1.383484 1.383484 0.298198 0.298198
0.300000 1.400439 1.400439 0.309081 0.309081
0.310000 1.417675 1.417675 0.320026 0.320026
0.320000 1.435195 1.435195 0.331035 0.331035
0.330000 1.453001 1.453001 0.342110 0.342110
0.340000 1.471098 1.471098 0.353254 0.353254
0.350000 1.489489 1.489489 0.364468 0.364468
0.360000 1.508178 1.508178 0.375755 0.375755
0.370000 1.527169 1.527169 0.387117 0.387117
0.380000 1.546465 1.546465 0.398557 0.398557
0.390000 1.566071 1.566071 0.410076 0.410076
0.400000 1.585990 1.585990 0.421677 0.421677
0.410000 1.606226 1.606226 0.433363 0.433363
0.420000 1.626783 1.626783 0.445135 0.445135
0.430000 1.647665 1.647665 0.456997 0.456997
0.440000 1.668877 1.668877 0.468949 0.468949
0.450000 1.690423 1.690423 0.480996 0.480996
0.460000 1.712307 1.712307 0.493139 0.493139
0.470000 1.734534 1.734534 0.505380 0.505380
0.480000 1.757107 1.757107 0.517723 0.517723
0.490000 1.780032 1.780032 0.530169 0.530169
0.500000 1.803313 1.803313 0.542721 0.542721
0.510000 1.826954 1.826954 0.555381 0.555381
0.520000 1.850961 1.850961 0.568153 0.568153
0.530000 1.875338 1.875338 0.581038 0.581038
0.540000 1.900090 1.900090 0.594040 0.594040
0.550000 1.925222 1.925222 0.607160 0.607160
0.560000 1.950739 1.950739 0.620402 0.620402
0.570000 1.976647 1.976647 0.633768 0.633768
0.580000 2.002949 2.002949 0.647261 0.647261
0.590000 2.029653 2.029653 0.660883 0.660883
0.600000 2.056762 2.056762 0.674637 0.674637
0.610000 2.084283 2.084283 0.688526 0.688526
0.620000 2.112220 2.112220 0.702553 0.702553
0.630000 2.140580 2.140580 0.716720 0.716720
0.640000 2.169368 2.169368 0.731031 0.731031
0.650000 2.198590 2.198590 0.745488 0.745488
0.660000 2.228251 2.228251 0.760094 0.760094
0.670000 2.258359 2.258359 0.774852 0.774852
0.680000 2.288918 2.288918 0.789765 0.789765
0.690000 2.319934 2.319934 0.804836 0.804836
0.700000 2.351415 2.351415 0.820068 0.820068
0.710000 2.383366 2.383366 0.835464 0.835464
0.720000 2.415794 2.415794 0.851027 0.851027
0.730000 2.448705 2.448705 0.866761 0.866761
0.740000 2.482105 2.482105 0.882667 0.882667
0.750000 2.516003 2.516003 0.898750 0.898750
0.760000 2.550403 2.550403 0.915013 0.915013
0.770000 2.585313 2.585313 0.931459 0.931459
0.780000 2.620741 2.620741 0.948091 0.948091
0.790000 2.656692 2.656692 0.964913 0.964913
0.800000 2.693175 2.693175 0.981928 0.981928
0.810000 2.730197 2.730197 0.999139 0.999139
0.820000 2.767764 2.767764 1.016551 1.016551
0.830000 2.805886 2.805886 1.034165 1.034165
0.840000 2.844568 2.844568 1.051986 1.051986
0.850000 2.883819 2.883819 1.070018 1.070018
0.860000 2.923647 2.923647 1.088263 1.088263
0.870000 2.964060 2.964060 1.106727 1.106727
0.880000 3.005066 3.005066 1.125411 1.125411
0.890000 3.046672 3.046672 1.144321 1.144321
0.900000 3.088888 3.088888 1.163460 1.163460
0.910000 3.131722 3.131722 1.182831 1.182831
0.920000 3.175182 3.175182 1.202439 1.202439
0.930000 3.219277 3.219277 1.222287 1.222287
0.940000 3.264017 3.264017 1.242380 1.242380
0.950000 3.309408 3.309408 1.262721 1.262721
0.960000 3.355462 3.355462 1.283315 1.283315
0.970000 3.402187 3.402187 1.304165 1.304165
0.980000 3.449592 3.449592 1.325277 1.325277
0.990000 3.497688 3.497688 1.346653 1.346653
1.000000 3.546482 3.546482 1.368299 1.368299
1.010000 3.595987 3.595987 1.390218 1.390218
1.020000 3.646210 3.646210 1.412416 1.412416
1.030000 3.697162 3.697162 1.434896 1.434896
1.040000 3.748854 3.748854 1.457663 1.457663
1.050000 3.801296 3.801296 1.480721 1.480721
1.060000 3.854498 3.854498 1.504076 1.504076
1.070000 3.908471 3.908471 1.527731 1.527731
1.080000 3.963226 3.963226 1.551692 1.551692
1.090000 4.018773 4.018773 1.575963 1.575963
1.100000 4.075124 4.075124 1.600550 1.600550
1.110000 4.132291 4.132291 1.625456 1.625456
1.120000 4.190283 4.190283 1.650688 1.650688
1.130000 4.249114 4.249114 1.676250 1.676250
1.140000 4.308794 4.308794 1.702147 1.702147
1.150000 4.369337 4.369337 1.728385 1.728385
1.160000 4.430753 4.430753 1.754968 1.754968
1.170000 4.493055 4.493055 1.781902 1.781902
1.180000 4.556256 4.556256 1.809193 1.809193
1.190000 4.620369 4.620369 1.836845 1.836845
1.200000 4.685405 4.685405 1.864865 1.864865
1.210000 4.751378 4.751378 1.893258 1.893258
1.220000 4.818302 4.818302 1.922029 1.922029
1.230000 4.886189 4.886189 1.951185 1.951185
1.240000 4.955054 4.955054 1.980732 1.980732
1.250000 5.024910 5.024910 2.010674 2.010674
1.260000 5.095770 5.095770 2.041018 2.041018
1.270000 5.167650 5.167650 2.071771 2.071771
1.280000 5.240564 5.240564 2.102938 2.102938
1.290000 5.314525 5.314525 2.134525 2.134525
1.300000 5.389550 5.389550 2.166540 2.166540
1.310000 5.465652 5.465652 2.198988 2.198988
1.320000 5.542848 5.542848 2.231875 2.231875
1.330000 5.621152 5.621152 2.265209 2.265209
1.340000 5.700580 5.700580 2.298997 2.298997
1.350000 5.781149 5.781149 2.333243 2.333243
1.360000 5.862873 5.862873 2.367957 2.367957
1.370000 5.945771 5.945771 2.403144 2.403144
1.380000 6.029857 6.029857 2.438812 2.438812
1.390000 6.115150 6.115150 2.474967 2.474967
1.400000 6.201665 6.201665 2.511618 2.511618
1.410000 6.289421 6.289421 2.548771 2.548771
1.420000 6.378435 6.378435 2.586433 2.586433
1.430000 6.468724 6.468724 2.624613 2.624613
1.440000 6.560308 6.560308 2.663318 2.663318
1.450000 6.653203 6.653203 2.702556 2.702556
1.460000 6.747429 6.747429 2.742334 2.742334
1.470000 6.843005 6.843005 2.782660 2.782660
1.480000 6.939949 6.939949 2.823543 2.823543
1.490000 7.038281 7.038281 2.864991 2.864991
1.500000 7.138021 7.138021 2.907012 2.907012
1.510000 7.239188 7.239188 2.949614 2.949614
1.520000 7.341804 7.341804 2.992806 2.992806
1.530000 7.445888 7.445888 3.036597 3.036597
1.540000 7.551460 7.551460 3.080995 3.080995
1.550000 7.658544 7.658544 3.126009 3.126009
1.560000 7.767159 7.767159 3.171649 3.171649
1.570000 7.877327 7.877327 3.217923 3.217923
1.580000 7.989071 7.989071 3.264840 3.264840
1.590000 8.102413 8.102413 3.312410 3.312410
1.600000 8.217375 8.217375 3.360643 3.360643
1.610000 8.333981 8.333981 3.409548 3.409548
1.620000 8.452254 8.452254 3.459135 3.459135
1.630000 8.572217 8.572217 3.509414 3.509414
1.640000 8.693894 8.693894 3.560395 3.560395
1.650000 8.817311 8.817311 3.612087 3.612087
1.660000 8.942490 8.942491 3.664503 3.664503
1.670000 9.069459 9.069459 3.717651 3.717651
1.680000 9.198241 9.198241 3.771542 3.771542
1.690000 9.328863 9.328863 3.826188 3.826188
1.700000 9.461351 9.461351 3.881599 3.881599
1.710000 9.595731 9.595731 3.937787 3.937787
1.720000 9.732030 9.732030 3.994762 3.994762
1.730000 9.870276 9.870276 4.052536 4.052536
1.740000 10.010496 10.010496 4.111121 4.111121
1.750000 10.152718 10.152718 4.170528 4.170528
1.760000 10.296970 10.296970 4.230769 4.230769
1.770000 10.443282 10.443282 4.291856 4.291856
1.780000 10.591683 10.591683 4.353801 4.353801
1.790000 10.742202 10.742202 4.416617 4.416617
1.800000 10.894869 10.894869 4.480317 4.480317
1.810000 11.049716 11.049716 4.544913 4.544913
1.820000 11.206772 11.206772 4.610417 4.610417
1.830000 11.366070 11.366070 4.676844 4.676844
1.840000 11.527641 11.527641 4.744206 4.744206
1.850000 11.691518 11.691518 4.812517 4.812517
1.860000 11.857733 11.857733 4.881791 4.881791
1.870000 12.026320 12.026320 4.952041 4.952041
1.880000 12.197312 12.197312 5.023281 5.023281
1.890000 12.370743 12.370743 5.095526 5.095526
1.900000 12.546649 12.546649 5.168791 5.168791
1.910000 12.725064 12.725064 5.243088 5.243088
1.920000 12.906024 12.906024 5.318435 5.318435
1.930000 13.089565 13.089565 5.394845 5.394845
1.940000 13.275724 13.275724 5.472335 5.472335
1.950000 13.464539 13.464539 5.550918 5.550918
1.960000 13.656046 13.656046 5.630612 5.630612
1.970000 13.850285 13.850285 5.711432 5.711432
1.980000 14.047293 14.047293 5.793395 5.793395
1.990000 14.247112 14.247112 5.876516 5.876516
2.000000 14.449779 14.449779 5.960812 5.960812
2.010000 14.655337 14.655337 6.046301 6.046301
2.020000 14.863826 14.863826 6.132999 6.132999
2.030000 15.075288 15.075288 6.220923 6.220923
2.040000 15.289764 15.289764 6.310092 6.310092
2.050000 15.507299 15.507299 6.400523 6.400523
2.060000 15.727935 15.727935 6.492233 6.492233
2.070000 15.951717 15.951717 6.585243 6.585243
2.080000 16.178690 16.178690 6.679569 6.679569
2.090000 16.408898 16.408898 6.775232 6.775232
2.100000 16.642388 16.642388 6.872249 6.872249
2.110000 16.879206 16.879206 6.970641 6.970641
2.120000 17.119401 17.119401 7.070427 7.070427
2.130000 17.363019 17.363019 7.171627 7.171627
2.140000 17.610110 17.610110 7.274261 7.274261
2.150000 17.860723 17.860723 7.378351 7.378351
2.160000 18.114908 18.114908 7.483916 7.483916
2.170000 18.372716 18.372716 7.590978 7.590978
2.180000 18.634199 18.634199 7.699558 7.699558
2.190000 18.899409 18.899409 7.809678 7.809678
2.200000 19.168399 19.168399 7.921360 7.921360
2.210000 19.441222 19.441222 8.034626 8.034626
2.220000 19.717934 19.717934 8.149499 8.149499
2.230000 19.998590 19.998590 8.266003 8.266003
2.240000 20.283245 20.283245 8.384159 8.384159
2.250000 20.571957 20.571957 8.503992 8.503992
2.260000 20.864783 20.864783 8.625526 8.625526
2.270000 21.161783 21.161783 8.748786 8.748786
2.280000 21.463014 21.463015 8.873795 8.873795
2.290000 21.768539 21.768539 9.000578 9.000578
2.300000 22.078417 22.078417 9.129162 9.129162
2.310000 22.392711 22.392711 9.259572 9.259572
2.320000 22.711484 22.711484 9.391834 9.391834
2.330000 23.034799 23.034799 9.525974 9.525974
2.340000 23.362721 23.362721 9.662019 9.662019
2.350000 23.695316 23.695316 9.799997 9.799997
2.360000 24.032650 24.032650 9.939935 9.939935
2.370000 24.374790 24.374790 10.081861 10.081861
2.380000 24.721806 24.721806 10.225803 10.225803
2.390000 25.073766 25.073766 10.371791 10.371791
2.400000 25.430741 25.430741 10.519852 10.519852
2.410000 25.792802 25.792802 10.670018 10.670018
2.420000 26.160021 26.160021 10.822318 10.822318
2.430000 26.532473 26.532473 10.976783 10.976783
2.440000 26.910231 26.910231 11.133442 11.133442
2.450000 27.293372 27.293372 11.292329 11.292329
2.460000 27.681971 27.681971 11.453474 11.453474
2.470000 28.076107 28.076107 11.616910 11.616910
2.480000 28.475858 28.475858 11.782669 11.782669
2.490000 28.881304 28.881304 11.950785 11.950785
2.500000 29.292527 29.292527 12.121290 12.121290
2.510000 29.709608 29.709608 12.294221 12.294221
2.520000 30.132632 30.132632 12.469610 12.469610
2.530000 30.561681 30.561682 12.647493 12.647493
2.540000 30.996844 30.996844 12.827906 12.827906
2.550000 31.438206 31.438206 13.010884 13.010884
2.560000 31.885855 31.885855 13.196464 13.196464
2.570000 32.339882 32.339882 13.384684 13.384684
2.580000 32.800377 32.800377 13.575581 13.575581
2.590000 33.267432 33.267432 13.769193 13.769193
2.600000 33.741141 33.741141 13.965559 13.965559
2.610000 34.221598 34.221598 14.164718 14.164718
2.620000 34.708900 34.708900 14.366710 14.366710
2.630000 35.203143 35.203143 14.571575 14.571575
2.640000 35.704427 35.704427 14.779355 14.779355
2.650000 36.212852 36.212852 14.990090 14.990090
2.660000 36.728520 36.728520 15.203824 15.203824
2.670000 37.251534 37.251534 15.420599 15.420599
2.680000 37.781998 37.781998 15.640457 15.640457
2.690000 38.320018 38.320018 15.863444 15.863444
2.700000 38.865703 38.865703 16.089604 16.089604
2.710000 39.419161 39.419161 16.318981 16.318981
2.720000 39.980503 39.980503 16.551623 16.551623
2.730000 40.549841 40.549841 16.787575 16.787575
2.740000 41.127290 41.127290 17.026884 17.026884
2.750000 41.712964 41.712964 17.269599 17.269599
2.760000 42.306980 42.306980 17.515768 17.515768
2.770000 42.909458 42.909459 17.765440 17.765440
2.780000 43.520519 43.520519 18.018665 18.018665
2.790000 44.140283 44.140283 18.275494 18.275494
2.800000 44.768876 44.768876 18.535978 18.535978
2.810000 45.406422 45.406423 18.800169 18.800169
2.820000 46.053050 46.053051 19.068121 19.068121
2.830000 46.708889 46.708889 19.339886 19.339886
2.840000 47.374070 47.374070 19.615519 19.615519
2.850000 48.048726 48.048726 19.895075 19.895075
2.860000 48.732991 48.732991 20.178611 20.178611
2.870000 49.427004 49.427004 20.466182 20.466182
2.880000 50.130902 50.130902 20.757846 20.757846
2.890000 50.844826 50.844826 21.053663 21.053663
2.900000 51.568919 51.568919 21.353690 21.353690
2.910000 52.303327 52.303327 21.657987 21.657987
2.920000 53.048195 53.048195 21.966617 21.966617
2.930000 53.803673 53.803673 22.279640 22.279640
2.940000 54.569912 54.569912 22.597118 22.597118
2.950000 55.347065 55.347065 22.919117 22.919117
2.960000 56.135288 56.135288 23.245699 23.245699
2.970000 56.934738 56.934738 23.576930 23.576931
2.980000 57.745575 57.745575 23.912877 23.912877
2.990000 58.567961 58.567961 24.253607 24.253607
3.000000 59.402061 59.402061 24.599187 24.599187
3.010000 60.248042 60.248042 24.949688 24.949688
3.020000 61.106073 61.106073 25.305178 25.305178
3.030000 61.976325 61.976325 25.665729 25.665729
3.040000 62.858972 62.858972 26.031414 26.031414
3.050000 63.754192 63.754192 26.402305 26.402305
3.060000 64.662162 64.662162 26.778477 26.778477
3.070000 65.583065 65.583066 27.160004 27.160004
3.080000 66.517086 66.517086 27.546964 27.546964
3.090000 67.464409 67.464409 27.939433 27.939433
3.100000 68.425226 68.425226 28.337489 28.337489
3.110000 69.399728 69.399728 28.741214 28.741214
3.120000 70.388110 70.388110 29.150687 29.150687
3.130000 71.390570 71.390570 29.565990 29.565990
3.140000 72.407309 72.407309 29.987206 29.987206
3.150000 73.438529 73.438529 30.414420 30.414420
3.160000 74.484437 74.484437 30.847717 30.847717
3.170000 75.545242 75.545242 31.287184 31.287184
3.180000 76.621157 76.621157 31.732908 31.732908
3.190000 77.712396 77.712396 32.184979 32.184979
3.200000 78.819177 78.819178 32.643487 32.643487
3.210000 79.941723 79.941723 33.108523 33.108523
3.220000 81.080258 81.080258 33.580182 33.580182
3.230000 82.235009 82.235009 34.058556 34.058556
3.240000 83.406207 83.406207 34.543743 34.543743
3.250000 84.594086 84.594086 35.035838 35.035838
3.260000 85.798885 85.798885 35.534941 35.534941
3.270000 87.020844 87.020844 36.041151 36.041151
3.280000 88.260207 88.260207 36.554569 36.554569
3.290000 89.517222 89.517222 37.075298 37.075298
3.300000 90.792142 90.792142 37.603442 37.603442
3.310000 92.085220 92.085220 38.139107 38.139107
3.320000 93.396715 93.396715 38.682400 38.682400
3.330000 94.726890 94.726890 39.233430 39.233430
3.340000 96.076011 96.076011 39.792307 39.792307
3.350000 97.444347 97.444347 40.359142 40.359142
3.360000 98.832172 98.832172 40.934049 40.934049
3.370000 100.239764 100.239765 41.517143 41.517143
3.380000 101.667405 101.667405 42.108540 42.108540
3.390000 103.115379 103.115379 42.708360 42.708360
3.400000 104.583977 104.583977 43.316721 43.316721
3.410000 106.073492 106.073492 43.933746 43.933746
3.420000 107.584222 107.584222 44.559557 44.559557
3.430000 109.116469 109.116469 45.194281 45.194281
3.440000 110.670539 110.670540 45.838044 45.838044
3.450000 112.246745 112.246745 46.490974 46.490974
3.460000 113.845400 113.845400 47.153203 47.153203
3.470000 115.466824 115.466824 47.824863 47.824863
3.480000 117.111342 117.111342 48.506087 48.506087
3.490000 118.779283 118.779283 49.197013 49.197013
3.500000 120.470980 120.470980 49.897779 49.897779
3.510000 122.186772 122.186772 50.608524 50.608525
3.520000 123.927001 123.927002 51.329392 51.329392
3.530000 125.692017 125.692017 52.060525 52.060525
3.540000 127.482171 127.482171 52.802071 52.802071
3.550000 129.297822 129.297822 53.554177 53.554177
3.560000 131.139333 131.139333 54.316994 54.316994
3.570000 133.007072 133.007072 55.090675 55.090675
3.580000 134.901413 134.901413 55.875374 55.875374
3.590000 136.822735 136.822735 56.671248 56.671248
3.600000 138.771422 138.771422 57.478457 57.478457
3.610000 140.747863 140.747863 58.297162 58.297162
3.620000 142.752455 142.752455 59.127526 59.127526
3.630000 144.785597 144.785598 59.969716 59.969716
3.640000 146.847697 146.847698 60.823900 60.823900
3.650000 148.939168 148.939168 61.690249 61.690250
3.660000 151.060426 151.060427 62.568937 62.568937
3.670000 153.211897 153.211898 63.460138 63.460138
3.680000 155.394011 155.394012 64.364032 64.364032
3.690000 157.607205 157.607205 65.280798 65.280799
3.700000 159.851920 159.851920 66.210621 66.210622
3.710000 162.128606 162.128607 67.153687 67.153687
3.720000 164.437719 164.437719 68.110183 68.110183
3.730000 166.779719 166.779720 69.080302 69.080302
3.740000 169.155076 169.155077 70.064237 70.064237
3.750000 171.564265 171.564265 71.062185 71.062185
3.760000 174.007767 174.007768 72.074345 72.074345
3.770000 176.486071 176.486072 73.100921 73.100921
3.780000 178.999673 178.999674 74.142117 74.142117
3.790000 181.549076 181.549076 75.198142 75.198142
3.800000 184.134789 184.134789 76.269207 76.269207
3.810000 186.757330 186.757330 77.355526 77.355526
3.820000 189.417222 189.417222 78.457316 78.457316
3.830000 192.114999 192.114999 79.574798 79.574798
3.840000 194.851199 194.851200 80.708195 80.708195
3.850000 197.626370 197.626371 81.857734 81.857734
3.860000 200.441068 200.441068 83.023645 83.023645
3.870000 203.295854 203.295854 84.206161 84.206161
3.880000 206.191300 206.191300 85.405518 85.405518
3.890000 209.127984 209.127985 86.621957 86.621957
3.900000 212.106496 212.106496 87.855720 87.855720
3.910000 215.127429 215.127429 89.107055 89.107055
3.920000 218.191388 218.191388 90.376212 90.376212
3.930000 221.298986 221.298987 91.663444 91.663444
3.940000 224.450845 224.450846 92.969009 92.969009
3.950000 227.647595 227.647596 94.293168 94.293168
3.960000 230.889875 230.889876 95.636186 95.636187
3.970000 234.178334 234.178334 96.998332 96.998332
3.980000 237.513629 237.513630 98.379878 98.379878
3.990000 240.896428 240.896429 99.781100 99.781100
4.000000 244.327407 244.327407 101.202279 101.202279
4.010000 247.807252 247.807253 102.643698 102.643698
4.020000 251.336660 251.336660 104.105646 104.105647
4.030000 254.916335 254.916336 105.588416 105.588417
4.040000 258.546995 258.546995 107.092304 107.092305
4.050000 262.229365 262.229365 108.617611 108.617611
4.060000 265.964182 265.964182 110.164642 110.164642
4.070000 269.752192 269.752193 111.733706 111.733706
4.080000 273.594154 273.594155 113.325117 113.325117
4.090000 277.490836 277.490836 114.939193 114.939194
4.100000 281.443016 281.443017 116.576258 116.576258
4.110000 285.451486 285.451487 118.236638 118.236639
4.120000 289.517048 289.517048 119.920667 119.920667
4.130000 293.640514 293.640514 121.628679 121.628679
4.140000 297.822709 297.822709 123.361018 123.361018
4.150000 302.064469 302.064470 125.118029 125.118030
4.160000 306.366643 306.366644 126.900065 126.900065
4.170000 310.730092 310.730093 128.707481 128.707481
4.180000 315.155688 315.155688 130.540638 130.540639
4.190000 319.644316 319.644316 132.399905 132.399905
4.200000 324.196873 324.196874 134.285651 134.285652
4.210000 328.814272 328.814272 136.198256 136.198256
4.220000 333.497434 333.497435 138.138100 138.138100
4.230000 338.247297 338.247298 140.105573 140.105573
4.240000 343.064810 343.064811 142.101067 142.101067
4.250000 347.950938 347.950939 144.124981 144.124982
4.260000 352.906657 352.906657 146.177722 146.177722
4.270000 357.932958 357.932959 148.259698 148.259698
4.280000 363.030847 363.030848 150.371327 150.371327
4.290000 368.201344 368.201345 152.513030 152.513030
4.300000 373.445482 373.445483 154.685237 154.685237
4.310000 378.764310 378.764311 156.888381 156.888381
4.320000 384.158893 384.158894 159.122903 159.122904
4.330000 389.630308 389.630309 161.389251 161.389251
4.340000 395.179651 395.179652 163.687877 163.687877
4.350000 400.808032 400.808032 166.019241 166.019241
4.360000 406.516575 406.516576 168.383809 168.383809
4.370000 412.306423 412.306423 170.782055 170.782055
4.380000 418.178733 418.178734 173.214457 173.214458
4.390000 424.134681 424.134682 175.681503 175.681504
4.400000 430.175457 430.175457 178.183686 178.183687
4.410000 436.302269 436.302270 180.721507 180.721507
4.420000 442.516343 442.516344 183.295472 183.295472
4.430000 448.818923 448.818924 185.906097 185.906097
4.440000 455.211267 455.211268 188.553904 188.553904
4.450000 461.694655 461.694656 191.239422 191.239422
4.460000 468.270384 468.270385 193.963189 193.963189
4.470000 474.939768 474.939769 196.725749 196.725749
4.480000 481.704142 481.704143 199.527655 199.527655
4.490000 488.564858 488.564859 202.369467 202.369467
4.500000 495.523289 495.523290 205.251753 205.251754
4.510000 502.580826 502.580827 208.175091 208.175091
4.520000 509.738881 509.738882 211.140064 211.140065
4.530000 516.998886 516.998887 214.147266 214.147267
4.540000 524.362292 524.362293 217.197299 217.197299
4.550000 531.830572 531.830573 220.290771 220.290771
4.560000 539.405220 539.405221 223.428302 223.428303
4.570000 547.087751 547.087752 226.610520 226.610520
4.580000 554.879701 554.879702 229.838061 229.838061
4.590000 562.782629 562.782631 233.111570 233.111570
4.600000 570.798116 570.798117 236.431702 236.431702
4.610000 578.927764 578.927765 239.799121 239.799121
4.620000 587.173199 587.173201 243.214500 243.214501
4.630000 595.536071 595.536073 246.678524 246.678525
4.640000 604.018053 604.018054 250.191884 250.191885
4.650000 612.620840 612.620841 253.755283 253.755284
4.660000 621.346153 621.346154 257.369434 257.369435
4.670000 630.195737 630.195739 261.035060 261.035061
4.680000 639.171363 639.171364 264.752894 264.752895
4.690000 648.274825 648.274826 268.523679 268.523680
4.700000 657.507944 657.507946 272.348170 272.348171
4.710000 666.872567 666.872569 276.227132 276.227132
4.720000 676.370567 676.370568 280.161339 280.161340
4.730000 686.003843 686.003844 284.151580 284.151581
4.740000 695.774322 695.774324 288.198652 288.198653
4.750000 705.683958 705.683960 292.303365 292.303366
4.760000 715.734734 715.734735 296.466540 296.466541
4.770000 725.928659 725.928660 300.689009 300.689009
4.780000 736.267772 736.267773 304.971616 304.971617
4.790000 746.754141 746.754142 309.315219 309.315220
4.800000 757.389863 757.389865 313.720686 313.720687
4.810000 768.177066 768.177067 318.188899 318.188899
4.820000 779.117906 779.117908 322.720750 322.720750
4.830000 790.214573 790.214575 327.317146 327.317147
4.840000 801.469286 801.469288 331.979007 331.979008
4.850000 812.884295 812.884297 336.707265 336.707265
4.860000 824.461883 824.461885 341.502865 341.502866
4.870000 836.204367 836.204369 346.366767 346.366768
4.880000 848.114094 848.114096 351.299943 351.299944
4.890000 860.193447 860.193449 356.303381 356.303382
4.900000 872.444842 872.444844 361.378081 361.378082
4.910000 884.870728 884.870730 366.525057 366.525058
4.920000 897.473592 897.473594 371.745340 371.745341
4.930000 910.255953 910.255955 377.039973 377.039974
4.940000 923.220369 923.220371 382.410015 382.410016
4.950000 936.369431 936.369433 387.856540 387.856541
4.960000 949.705771 949.705773 393.380638 393.380639
4.970000 963.232055 963.232057 398.983414 398.983415
4.980000 976.950988 976.950991 404.665987 404.665988
4.990000 990.865315 990.865318 410.429495 410.429496
5.000000 1004.977819 1004.977821 416.275091 416.275092
5.010000 1019.291321 1019.291324 422.203942 422.203943
5.020000 1033.808685 1033.808688 428.217236 428.217237
5.030000 1048.532814 1048.532817 434.316175 434.316176
5.040000 1063.466653 1063.466656 440.501979 440.501980
5.050000 1078.613190 1078.613192 446.775884 446.775885
5.060000 1093.975452 1093.975454 453.139146 453.139147
5.070000 1109.556513 1109.556516 459.593037 459.593038
5.080000 1125.359489 1125.359492 466.138849 466.138850
5.090000 1141.387541 1141.387543 472.777890 472.777891
5.100000 1157.643874 1157.643876 479.511487 479.511489
5.110000 1174.131739 1174.131742 486.340989 486.340990
5.120000 1190.854435 1190.854438 493.267761 493.267762
5.130000 1207.815306 1207.815309 500.293188 500.293189
5.140000 1225.017744 1225.017747 507.418675 507.418676
5.150000 1242.465189 1242.465192 514.645648 514.645649
5.160000 1260.161132 1260.161135 521.975551 521.975552
5.170000 1278.109111 1278.109114 529.409851 529.409853
5.180000 1296.312716 1296.312719 536.950035 536.950037
5.190000 1314.775588 1314.775592 544.597611 544.597613
5.200000 1333.501420 1333.501423 552.354108 552.354110
5.210000 1352.493956 1352.493959 560.221078 560.221080
5.220000 1371.756996 1371.756999 568.200094 568.200096
5.230000 1391.294391 1391.294395 576.292752 576.292753
5.240000 1411.110050 1411.110054 584.500670 584.500672
5.250000 1431.207936 1431.207940 592.825491 592.825492
5.260000 1451.592068 1451.592072 601.268878 601.268880
5.270000 1472.266524 1472.266527 609.832521 609.832523
5.280000 1493.235437 1493.235441 618.518133 618.518135
5.290000 1514.503003 1514.503007 627.327451 627.327452
5.300000 1536.073474 1536.073478 636.262236 636.262237
5.310000 1557.951165 1557.951169 645.324275 645.324277
5.320000 1580.140452 1580.140456 654.515382 654.515383
5.330000 1602.645772 1602.645776 663.837394 663.837395
5.340000 1625.471626 1625.471630 673.292175 673.292177
5.350000 1648.622580 1648.622584 682.881617 682.881619
5.360000 1672.103264 1672.103269 692.607638 692.607640
5.370000 1695.918375 1695.918379 702.472183 702.472185
5.380000 1720.072674 1720.072679 712.477224 712.477226
5.390000 1744.570994 1744.570999 722.624764 722.624766
5.400000 1769.418234 1769.418239 732.916830 732.916832
5.410000 1794.619364 1794.619368 743.355483 743.355485
5.420000 1820.179423 1820.179428 753.942809 753.942811
5.430000 1846.103525 1846.103529 764.680926 764.680928
5.440000 1872.396853 1872.396858 775.571982 775.571984
5.450000 1899.064667 1899.064671 786.618155 786.618157
5.460000 1926.112300 1926.112305 797.821654 797.821656
5.470000 1953.545162 1953.545167 809.184720 809.184722
5.480000 1981.368739 1981.368744 820.709625 820.709627
5.490000 2009.588597 2009.588602 832.398676 832.398678
5.500000 2038.210379 2038.210385 844.254209 844.254211
5.510000 2067.239810 2067.239816 856.278595 856.278597
5.520000 2096.682696 2096.682702 868.474240 868.474242
5.530000 2126.544926 2126.544931 880.843583 880.843585
5.540000 2156.832472 2156.832477 893.389098 893.389100
5.550000 2187.551391 2187.551396 906.113293 906.113295
5.560000 2218.707828 2218.707833 919.018714 919.018716
5.570000 2250.308013 2250.308019 932.107942 932.107944
5.580000 2282.358268 2282.358274 945.383594 945.383596
5.590000 2314.865003 2314.865009 958.848326 958.848329
5.600000 2347.834717 2347.834724 972.504832 972.504834
5.610000 2381.274007 2381.274013 986.355841 986.355844
5.620000 2415.189559 2415.189566 1000.404125 1000.404127
5.630000 2449.588158 2449.588164 1014.652493 1014.652496
5.640000 2484.476682 2484.476688 1029.103795 1029.103797
5.650000 2519.862110 2519.862116 1043.760921 1043.760924
5.660000 2555.751518 2555.751525 1058.626803 1058.626805
5.670000 2592.152086 2592.152093 1073.704413 1073.704416
5.680000 2629.071092 2629.071099 1088.996768 1088.996771
5.690000 2666.515922 2666.515929 1104.506926 1104.506929
5.700000 2704.494063 2704.494070 1120.237990 1120.237993
5.710000 2743.013113 2743.013120 1136.193104 1136.193107
5.720000 2782.080774 2782.080781 1152.375461 1152.375464
5.730000 2821.704860 2821.704868 1168.788297 1168.788300
5.740000 2861.893297 2861.893305 1185.434894 1185.434897
5.750000 2902.654122 2902.654130 1202.318583 1202.318586
5.760000 2943.995488 2943.995496 1219.442739 1219.442742
5.770000 2985.925662 2985.925670 1236.810787 1236.810791
5.780000 3028.453032 3028.453040 1254.426202 1254.426205
5.790000 3071.586102 3071.586111 1272.292506 1272.292510
5.800000 3115.333500 3115.333509 1290.413274 1290.413277
5.810000 3159.703975 3159.703984 1308.792128 1308.792131
5.820000 3204.706401 3204.706410 1327.432744 1327.432748
5.830000 3250.349779 3250.349788 1346.338852 1346.338856
5.840000 3296.643238 3296.643247 1365.514232 1365.514236
5.850000 3343.596037 3343.596046 1384.962720 1384.962724
5.860000 3391.217566 3391.217575 1404.688204 1404.688208
5.870000 3439.517349 3439.517359 1424.694631 1424.694635
5.880000 3488.505048 3488.505058 1444.986002 1444.986006
5.890000 3538.190459 3538.190469 1465.566375 1465.566379
5.900000 3588.583521 3588.583531 1486.439865 1486.439870
5.910000 3639.694311 3639.694321 1507.610649 1507.610653
5.920000 3691.533051 3691.533062 1529.082960 1529.082964
5.930000 3744.110111 3744.110122 1550.861093 1550.861097
5.940000 3797.436005 3797.436016 1572.949403 1572.949407
5.950000 3851.521400 3851.521410 1595.352308 1595.352312
5.960000 3906.377111 3906.377122 1618.074289 1618.074293
5.970000 3962.014111 3962.014122 1641.119890 1641.119894
5.980000 4018.443526 4018.443537 1664.493720 1664.493725
5.990000 4075.676644 4075.676655 1688.200455 1688.200460
6.000000 4133.724911 4133.724922 1712.244836 1712.244840
6.010000 4192.599936 4192.599948 1736.631671 1736.631676
6.020000 4252.313496 4252.313508 1761.365838 1761.365843
6.030000 4312.877532 4312.877544 1786.452285 1786.452290
6.040000 4374.304158 4374.304171 1811.896028 1811.896033
6.050000 4436.605660 4436.605673 1837.702156 1837.702161
6.060000 4499.794498 4499.794510 1863.875830 1863.875835
6.070000 4563.883309 4563.883322 1890.422286 1890.422292
6.080000 4628.884912 4628.884925 1917.346833 1917.346838
6.090000 4694.812308 4694.812321 1944.654855 1944.654861
6.100000 4761.678682 4761.678695 1972.351815 1972.351821
6.110000 4829.497407 4829.497421 2000.443252 2000.443258
6.120000 4898.282048 4898.282062 2028.934785 2028.934790
6.130000 4968.046362 4968.046376 2057.832111 2057.832116
6.140000 5038.804302 5038.804316 2087.141010 2087.141016
6.150000 5110.570019 5110.570034 2116.867344 2116.867350
6.160000 5183.357867 5183.357882 2147.017059 2147.017065
6.170000 5257.182405 5257.182420 2177.596185 2177.596191
6.180000 5332.058396 5332.058411 2208.610837 2208.610843
6.190000 5408.000816 5408.000832 2240.067218 2240.067225
6.200000 5485.024855 5485.024871 2271.971620 2271.971627
6.210000 5563.145917 5563.145933 2304.330425 2304.330431
6.220000 5642.379627 5642.379643 2337.150103 2337.150110
6.230000 5722.741831 5722.741848 2370.437219 2370.437226
6.240000 5804.248603 5804.248620 2404.198430 2404.198437
6.250000 5886.916244 5886.916261 2438.440489 2438.440496
6.260000 5970.761288 5970.761306 2473.170244 2473.170251
6.270000 6055.800504 6055.800522 2508.394642 2508.394649
6.280000 6142.050901 6142.050919 2544.120726 2544.120734
6.290000 6229.529728 6229.529746 2580.355644 2580.355651
6.300000 6318.254481 6318.254500 2617.106641 2617.106648
6.310000 6408.242907 6408.242926 2654.381068 2654.381076
6.320000 6499.513003 6499.513022 2692.186380 2692.186388
6.330000 6592.083022 6592.083042 2730.530139 2730.530147
6.340000 6685.971481 6685.971501 2769.420012 2769.420020
6.350000 6781.197156 6781.197176 2808.863779 2808.863787
6.360000 6877.779093 6877.779113 2848.869328 2848.869336
6.370000 6975.736609 6975.736629 2889.444660 2889.444669
6.380000 7075.089295 7075.089316 2930.597891 2930.597900
6.390000 7175.857023 7175.857044 2972.337251 2972.337260
6.400000 7278.059946 7278.059968 3014.671089 3014.671098
6.410000 7381.718505 7381.718527 3057.607871 3057.607880
6.420000 7486.853433 7486.853455 3101.156184 3101.156194
6.430000 7593.485756 7593.485779 3145.324739 3145.324749
6.440000 7701.636802 7701.636825 3190.122370 3190.122380
6.450000 7811.328201 7811.328225 3235.558036 3235.558045
6.460000 7922.581892 7922.581915 3281.640824 3281.640834
6.470000 8035.420125 8035.420149 3328.379951 3328.379961
6.480000 8149.865469 8149.865494 3375.784765 3375.784776
6.490000 8265.940813 8265.940838 3423.864748 3423.864758
6.500000 8383.669373 8383.669399 3472.629515 3472.629525
6.510000 8503.074695 8503.074721 3522.088819 3522.088830
6.520000 8624.180660 8624.180687 3572.252553 3572.252564
6.530000 8747.011490 8747.011517 3623.130749 3623.130760
6.540000 8871.591752 8871.591779 3674.733584 3674.733595
6.550000 8997.946361 8997.946389 3727.071377 3727.071388
6.560000 9126.100590 9126.100618 3780.154597 3780.154609
6.570000 9256.080069 9256.080098 3833.993861 3833.993873
6.580000 9387.910795 9387.910824 3888.599936 3888.599948
6.590000 9521.619135 9521.619164 3943.983744 3943.983756
6.600000 9657.231830 9657.231860 4000.156362 4000.156375
6.610000 9794.776004 9794.776034 4057.129025 4057.129038
6.620000 9934.279165 9934.279196 4114.913127 4114.913140
6.630000 10075.769216 10075.769247 4173.520225 4173.520238
6.640000 10219.274454 10219.274485 4232.962042 4232.962055
6.650000 10364.823580 10364.823613 4293.250465 4293.250478
6.660000 10512.445707 10512.445739 4354.397552 4354.397565
6.670000 10662.170357 10662.170390 4416.415533 4416.415547
6.680000 10814.027477 10814.027510 4479.316812 4479.316826
6.690000 10968.047438 10968.047472 4543.113969 4543.113984
6.700000 11124.261046 11124.261080 4607.819765 4607.819779
6.710000 11282.699542 11282.699578 4673.447139 4673.447154
6.720000 11443.394617 11443.394653 4740.009219 4740.009234
6.730000 11606.378408 11606.378444 4807.519316 4807.519331
6.740000 11771.683514 11771.683551 4875.990933 4875.990949
6.750000 11939.342996 11939.343033 4945.437765 4945.437780
6.760000 12109.390386 12109.390424 5015.873701 5015.873716
6.770000 12281.859694 12281.859733 5087.312828 5087.312844
6.780000 12456.785415 12456.785455 5159.769434 5159.769451
6.790000 12634.202535 12634.202575 5233.258012 5233.258029
6.800000 12814.146538 12814.146579 5307.793259 5307.793276
6.810000 12996.653413 12996.653454 5383.390082 5383.390099
6.820000 13181.759661 13181.759703 5460.063601 5460.063618
6.830000 13369.502306 13369.502348 5537.829151 5537.829168
6.840000 13559.918895 13559.918939 5616.702285 5616.702303
6.850000 13753.047514 13753.047558 5696.698778 5696.698797
6.860000 13948.926788 13948.926832 5777.834631 5777.834649
6.870000 14147.595893 14147.595939 5860.126069 5860.126088
6.880000 14349.094565 14349.094611 5943.589552 5943.589571
6.890000 14553.463104 14553.463151 6028.241773 6028.241792
6.900000 14760.742384 14760.742432 6114.099662 6114.099682
6.910000 14970.973862 14970.973910 6201.180392 6201.180412
6.920000 15184.199584 15184.199633 6289.501378 6289.501398
6.930000 15400.462197 15400.462246 6379.080286 6379.080306
6.940000 15619.804953 15619.805004 6469.935031 6469.935052
6.950000 15842.271723 15842.271774 6562.083784 6562.083805
6.960000 16067.907000 16067.907052 6655.544976 6655.544998
6.970000 16296.755911 16296.755964 6750.337299 6750.337321
6.980000 16528.864229 16528.864282 6846.479713 6846.479735
6.990000 16764.278374 16764.278428 6943.991445 6943.991467
7.000000 17003.045430 17003.045486 7042.891998 7042.892021
