0.000000e+00 1.000000e+00 1.000000e+00 0.000000e+00
2.000000e-02 9.802000e-01 9.801987e-01 1.353494e-06
4.000000e-02 9.607920e-01 9.607894e-01 2.706990e-06
6.000000e-02 9.417684e-01 9.417645e-01 4.060488e-06
8.000000e-02 9.231213e-01 9.231163e-01 5.413988e-06
1.000000e-01 9.048435e-01 9.048374e-01 6.767489e-06
1.200000e-01 8.869276e-01 8.869204e-01 8.120993e-06
1.400000e-01 8.693665e-01 8.693582e-01 9.474498e-06
1.600000e-01 8.521530e-01 8.521438e-01 1.082801e-05
1.800000e-01 8.352804e-01 8.352702e-01 1.218151e-05
2.000000e-01 8.187418e-01 8.187308e-01 1.353502e-05
2.200000e-01 8.025307e-01 8.025188e-01 1.488854e-05
2.400000e-01 7.866406e-01 7.866279e-01 1.624205e-05
2.600000e-01 7.710652e-01 7.710516e-01 1.759557e-05
2.800000e-01 7.557981e-01 7.557837e-01 1.894909e-05
3.000000e-01 7.408333e-01 7.408182e-01 2.030261e-05
3.200000e-01 7.261648e-01 7.261490e-01 2.165613e-05
3.400000e-01 7.117867e-01 7.117703e-01 2.300965e-05
3.600000e-01 6.976933e-01 6.976763e-01 2.436318e-05
3.800000e-01 6.838790e-01 6.838614e-01 2.571670e-05
4.000000e-01 6.703382e-01 6.703200e-01 2.707023e-05
4.200000e-01 6.570655e-01 6.570468e-01 2.842376e-05
4.400000e-01 6.440556e-01 6.440364e-01 2.977730e-05
4.600000e-01 6.313033e-01 6.312836e-01 3.113083e-05
4.800000e-01 6.188035e-01 6.187834e-01 3.248437e-05
5.000000e-01 6.065512e-01 6.065307e-01 3.383791e-05
5.200000e-01 5.945415e-01 5.945205e-01 3.519145e-05
5.400000e-01 5.827695e-01 5.827483e-01 3.654499e-05
5.600000e-01 5.712307e-01 5.712091e-01 3.789853e-05
5.800000e-01 5.599203e-01 5.598984e-01 3.925208e-05
6.000000e-01 5.488339e-01 5.488116e-01 4.060562e-05
6.200000e-01 5.379670e-01 5.379444e-01 4.195917e-05
6.400000e-01 5.273153e-01 5.272924e-01 4.331272e-05
6.600000e-01 5.168744e-01 5.168513e-01 4.466628e-05
6.800000e-01 5.066403e-01 5.066170e-01 4.601983e-05
7.000000e-01 4.966088e-01 4.965853e-01 4.737339e-05
7.200000e-01 4.867760e-01 4.867523e-01 4.872695e-05
7.400000e-01 4.771378e-01 4.771139e-01 5.008051e-05
7.600000e-01 4.676905e-01 4.676664e-01 5.143407e-05
7.800000e-01 4.584302e-01 4.584060e-01 5.278763e-05
8.000000e-01 4.493533e-01 4.493290e-01 5.414120e-05
8.200000e-01 4.404561e-01 4.404317e-01 5.549477e-05
8.400000e-01 4.317351e-01 4.317105e-01 5.684833e-05
8.600000e-01 4.231867e-01 4.231621e-01 5.820191e-05
8.800000e-01 4.148076e-01 4.147829e-01 5.955548e-05
9.000000e-01 4.065944e-01 4.065697e-01 6.090905e-05
9.200000e-01 3.985439e-01 3.985190e-01 6.226263e-05
9.400000e-01 3.906527e-01 3.906278e-01 6.361621e-05
9.600000e-01 3.829178e-01 3.828929e-01 6.496979e-05
9.800000e-01 3.753360e-01 3.753111e-01 6.632337e-05
1.000000e+00 3.679043e-01 3.678794e-01 6.767696e-05
