0.000000e+00 1.000000e+00 1.000000e+00 0.000000e+00
2.000000e-02 9.801987e-01 9.801987e-01 2.711498e-11
4.000000e-02 9.607894e-01 9.607894e-01 5.422995e-11
6.000000e-02 9.417645e-01 9.417645e-01 8.134493e-11
8.000000e-02 9.231163e-01 9.231163e-01 1.084599e-10
1.000000e-01 9.048374e-01 9.048374e-01 1.355747e-10
1.200000e-01 8.869204e-01 8.869204e-01 1.626896e-10
1.400000e-01 8.693582e-01 8.693582e-01 1.898046e-10
1.600000e-01 8.521438e-01 8.521438e-01 2.169194e-10
1.800000e-01 8.352702e-01 8.352702e-01 2.440346e-10
2.000000e-01 8.187308e-01 8.187308e-01 2.711495e-10
2.200000e-01 8.025188e-01 8.025188e-01 2.982643e-10
2.400000e-01 7.866279e-01 7.866279e-01 3.253793e-10
2.600000e-01 7.710516e-01 7.710516e-01 3.524943e-10
2.800000e-01 7.557837e-01 7.557837e-01 3.796090e-10
3.000000e-01 7.408182e-01 7.408182e-01 4.067240e-10
3.200000e-01 7.261490e-01 7.261490e-01 4.338390e-10
3.400000e-01 7.117703e-01 7.117703e-01 4.609539e-10
3.600000e-01 6.976763e-01 6.976763e-01 4.880689e-10
3.800000e-01 6.838614e-01 6.838614e-01 5.151837e-10
4.000000e-01 6.703200e-01 6.703200e-01 5.422987e-10
4.200000e-01 6.570468e-01 6.570468e-01 5.694138e-10
4.400000e-01 6.440364e-01 6.440364e-01 5.965286e-10
4.600000e-01 6.312836e-01 6.312836e-01 6.236436e-10
4.800000e-01 6.187834e-01 6.187834e-01 6.507586e-10
5.000000e-01 6.065307e-01 6.065307e-01 6.778733e-10
5.200000e-01 5.945205e-01 5.945205e-01 7.049883e-10
5.400000e-01 5.827483e-01 5.827483e-01 7.321033e-10
5.600000e-01 5.712091e-01 5.712091e-01 7.592182e-10
5.800000e-01 5.598984e-01 5.598984e-01 7.863330e-10
6.000000e-01 5.488116e-01 5.488116e-01 8.134482e-10
6.200000e-01 5.379444e-01 5.379444e-01 8.405630e-10
6.400000e-01 5.272924e-01 5.272924e-01 8.676779e-10
6.600000e-01 5.168513e-01 5.168513e-01 8.947929e-10
6.800000e-01 5.066170e-01 5.066170e-01 9.219079e-10
7.000000e-01 4.965853e-01 4.965853e-01 9.490226e-10
7.200000e-01 4.867523e-01 4.867523e-01 9.761376e-10
7.400000e-01 4.771139e-01 4.771139e-01 1.003253e-09
7.600000e-01 4.676664e-01 4.676664e-01 1.030368e-09
7.800000e-01 4.584060e-01 4.584060e-01 1.057483e-09
8.000000e-01 4.493290e-01 4.493290e-01 1.084598e-09
8.200000e-01 4.404317e-01 4.404317e-01 1.111712e-09
8.400000e-01 4.317105e-01 4.317105e-01 1.138827e-09
8.600000e-01 4.231621e-01 4.231621e-01 1.165942e-09
8.800000e-01 4.147829e-01 4.147829e-01 1.193057e-09
9.000000e-01 4.065697e-01 4.065697e-01 1.220172e-09
9.200000e-01 3.985190e-01 3.985190e-01 1.247287e-09
9.400000e-01 3.906278e-01 3.906278e-01 1.274402e-09
9.600000e-01 3.828929e-01 3.828929e-01 1.301517e-09
9.800000e-01 3.753111e-01 3.753111e-01 1.328632e-09
1.000000e+00 3.678794e-01 3.678794e-01 1.355747e-09
