0.000000e+00 1.000000e+00 1.000000e+00 0.000000e+00
2.000000e-02 9.800000e-01 9.801987e-01 2.026868e-04
4.000000e-02 9.604000e-01 9.607894e-01 4.053325e-04
6.000000e-02 9.411920e-01 9.417645e-01 6.079371e-04
8.000000e-02 9.223682e-01 9.231163e-01 8.105006e-04
1.000000e-01 9.039208e-01 9.048374e-01 1.013023e-03
1.200000e-01 8.858424e-01 8.869204e-01 1.215505e-03
1.400000e-01 8.681255e-01 8.693582e-01 1.417945e-03
1.600000e-01 8.507630e-01 8.521438e-01 1.620344e-03
1.800000e-01 8.337478e-01 8.352702e-01 1.822703e-03
2.000000e-01 8.170728e-01 8.187308e-01 2.025020e-03
2.200000e-01 8.007314e-01 8.025188e-01 2.227296e-03
2.400000e-01 7.847167e-01 7.866279e-01 2.429532e-03
2.600000e-01 7.690224e-01 7.710516e-01 2.631726e-03
2.800000e-01 7.536419e-01 7.557837e-01 2.833879e-03
3.000000e-01 7.385691e-01 7.408182e-01 3.035992e-03
3.200000e-01 7.237977e-01 7.261490e-01 3.238063e-03
3.400000e-01 7.093218e-01 7.117703e-01 3.440094e-03
3.600000e-01 6.951353e-01 6.976763e-01 3.642083e-03
3.800000e-01 6.812326e-01 6.838614e-01 3.844032e-03
4.000000e-01 6.676080e-01 6.703200e-01 4.045939e-03
4.200000e-01 6.542558e-01 6.570468e-01 4.247806e-03
4.400000e-01 6.411707e-01 6.440364e-01 4.449632e-03
4.600000e-01 6.283473e-01 6.312836e-01 4.651417e-03
4.800000e-01 6.157803e-01 6.187834e-01 4.853161e-03
5.000000e-01 6.034647e-01 6.065307e-01 5.054864e-03
5.200000e-01 5.913954e-01 5.945205e-01 5.256526e-03
5.400000e-01 5.795675e-01 5.827483e-01 5.458147e-03
5.600000e-01 5.679762e-01 5.712091e-01 5.659728e-03
5.800000e-01 5.566167e-01 5.598984e-01 5.861268e-03
6.000000e-01 5.454843e-01 5.488116e-01 6.062766e-03
6.200000e-01 5.345746e-01 5.379444e-01 6.264224e-03
6.400000e-01 5.238831e-01 5.272924e-01 6.465641e-03
6.600000e-01 5.134055e-01 5.168513e-01 6.667018e-03
6.800000e-01 5.031374e-01 5.066170e-01 6.868353e-03
7.000000e-01 4.930746e-01 4.965853e-01 7.069648e-03
7.200000e-01 4.832131e-01 4.867523e-01 7.270902e-03
7.400000e-01 4.735489e-01 4.771139e-01 7.472115e-03
7.600000e-01 4.640779e-01 4.676664e-01 7.673287e-03
7.800000e-01 4.547963e-01 4.584060e-01 7.874418e-03
8.000000e-01 4.457004e-01 4.493290e-01 8.075509e-03
8.200000e-01 4.367864e-01 4.404317e-01 8.276559e-03
8.400000e-01 4.280507e-01 4.317105e-01 8.477568e-03
8.600000e-01 4.194897e-01 4.231621e-01 8.678537e-03
8.800000e-01 4.110999e-01 4.147829e-01 8.879465e-03
9.000000e-01 4.028779e-01 4.065697e-01 9.080352e-03
9.200000e-01 3.948203e-01 3.985190e-01 9.281198e-03
9.400000e-01 3.869239e-01 3.906278e-01 9.482004e-03
9.600000e-01 3.791854e-01 3.828929e-01 9.682768e-03
9.800000e-01 3.716017e-01 3.753111e-01 9.883493e-03
1.000000e+00 3.641697e-01 3.678794e-01 1.008418e-02
