0.0000e+00 0.0000e+00 0.0000e+00 0.0000e+00 nan
2.0000e-01 0.0000e+00 9.6000e-02 9.5938e-02 6.4261e-04
4.0000e-01 0.0000e+00 4.8000e-02 4.7985e-02 3.1729e-04
6.0000e-01 0.0000e+00 -4.8000e-02 -4.7985e-02 3.1729e-04
8.0000e-01 0.0000e+00 -9.6000e-02 -9.5938e-02 6.4261e-04
1.0000e+00 0.0000e+00 0.0000e+00 -3.6726e-17 1.0000e+00

0.0000e+00 6.6667e-03 0.0000e+00 0.0000e+00 nan
2.0000e-01 6.6667e-03 7.2000e-02 7.2988e-02 1.3535e-02
4.0000e-01 6.6667e-03 4.0000e-02 4.0003e-02 6.4900e-05
6.0000e-01 6.6667e-03 -4.0000e-02 -4.0003e-02 6.4900e-05
8.0000e-01 6.6667e-03 -7.2000e-02 -7.2988e-02 1.3535e-02
1.0000e+00 6.6667e-03 0.0000e+00 -2.0552e-17 1.0000e+00

0.0000e+00 1.3333e-02 0.0000e+00 0.0000e+00 nan
2.0000e-01 1.3333e-02 5.4667e-02 5.5206e-02 9.7757e-03
4.0000e-01 1.3333e-02 3.2000e-02 3.2225e-02 6.9765e-03
6.0000e-01 1.3333e-02 -3.2000e-02 -3.2225e-02 6.9765e-03
8.0000e-01 1.3333e-02 -5.4667e-02 -5.5206e-02 9.7757e-03
1.0000e+00 1.3333e-02 0.0000e+00 -1.4744e-17 1.0000e+00

0.0000e+00 2.0000e-02 0.0000e+00 0.0000e+00 nan
2.0000e-01 2.0000e-02 4.1778e-02 4.2081e-02 7.2011e-03
4.0000e-01 2.0000e-02 2.5111e-02 2.5336e-02 8.8633e-03
6.0000e-01 2.0000e-02 -2.5111e-02 -2.5336e-02 8.8633e-03
8.0000e-01 2.0000e-02 -4.1778e-02 -4.2081e-02 7.2011e-03
1.0000e+00 2.0000e-02 0.0000e+00 -1.1014e-17 1.0000e+00

0.0000e+00 2.6667e-02 0.0000e+00 0.0000e+00 nan
2.0000e-01 2.6667e-02 3.2037e-02 3.2218e-02 5.6028e-03
4.0000e-01 2.6667e-02 1.9519e-02 1.9676e-02 8.0111e-03
6.0000e-01 2.6667e-02 -1.9519e-02 -1.9676e-02 8.0111e-03
8.0000e-01 2.6667e-02 -3.2037e-02 -3.2218e-02 5.6028e-03
1.0000e+00 2.6667e-02 0.0000e+00 -8.3581e-18 1.0000e+00

0.0000e+00 3.3333e-02 0.0000e+00 0.0000e+00 nan
2.0000e-01 3.3333e-02 2.4611e-02 2.4718e-02 4.3305e-03
4.0000e-01 3.3333e-02 1.5099e-02 1.5194e-02 6.2954e-03
6.0000e-01 3.3333e-02 -1.5099e-02 -1.5194e-02 6.2954e-03
8.0000e-01 3.3333e-02 -2.4611e-02 -2.4718e-02 4.3305e-03
1.0000e+00 3.3333e-02 0.0000e+00 -6.3870e-18 1.0000e+00

0.0000e+00 4.0000e-02 0.0000e+00 0.0000e+00 nan
2.0000e-01 4.0000e-02 1.8924e-02 1.8983e-02 3.1071e-03
4.0000e-01 4.0000e-02 1.1651e-02 1.1703e-02 4.4521e-03
6.0000e-01 4.0000e-02 -1.1651e-02 -1.1703e-02 4.4521e-03
8.0000e-01 4.0000e-02 -1.8924e-02 -1.8983e-02 3.1071e-03
1.0000e+00 4.0000e-02 0.0000e+00 -4.8961e-18 1.0000e+00

0.0000e+00 4.6667e-02 0.0000e+00 0.0000e+00 nan
2.0000e-01 4.6667e-02 1.4558e-02 1.4585e-02 1.8496e-03
4.0000e-01 4.6667e-02 8.9796e-03 9.0039e-03 2.6948e-03
6.0000e-01 4.6667e-02 -8.9796e-03 -9.0039e-03 2.6948e-03
8.0000e-01 4.6667e-02 -1.4558e-02 -1.4585e-02 1.8496e-03
1.0000e+00 4.6667e-02 0.0000e+00 -3.7587e-18 1.0000e+00

0.0000e+00 5.3333e-02 0.0000e+00 0.0000e+00 nan
2.0000e-01 5.3333e-02 1.1202e-02 1.1208e-02 5.4639e-04
4.0000e-01 5.3333e-02 6.9161e-03 6.9234e-03 1.0514e-03
6.0000e-01 5.3333e-02 -6.9161e-03 -6.9234e-03 1.0514e-03
8.0000e-01 5.3333e-02 -1.1202e-02 -1.1208e-02 5.4639e-04
1.0000e+00 5.3333e-02 0.0000e+00 -2.8873e-18 1.0000e+00

0.0000e+00 6.0000e-02 0.0000e+00 0.0000e+00 nan
2.0000e-01 6.0000e-02 8.6205e-03 8.6137e-03 7.9384e-04
4.0000e-01 6.0000e-02 5.3250e-03 5.3223e-03 5.0180e-04
6.0000e-01 6.0000e-02 -5.3250e-03 -5.3223e-03 5.0180e-04
8.0000e-01 6.0000e-02 -8.6205e-03 -8.6137e-03 7.9384e-04
1.0000e+00 6.0000e-02 0.0000e+00 -2.2186e-18 1.0000e+00

0.0000e+00 6.6667e-02 0.0000e+00 0.0000e+00 nan
2.0000e-01 6.6667e-02 6.6345e-03 6.6202e-03 2.1598e-03
4.0000e-01 6.6667e-02 4.0993e-03 4.0911e-03 1.9948e-03
6.0000e-01 6.6667e-02 -4.0993e-03 -4.0911e-03 1.9948e-03
8.0000e-01 6.6667e-02 -6.6345e-03 -6.6202e-03 2.1598e-03
1.0000e+00 6.6667e-02 0.0000e+00 -1.7050e-18 1.0000e+00

