0.000000 0.000000
0.200000 0.587785
0.400000 0.951057
0.600000 0.951057
0.800000 0.587785
1.000000 0.000000

0.000000 0.000000
0.200000 0.550366
0.400000 0.890511
0.600000 0.890511
0.800000 0.550366
1.000000 0.000000

0.000000 0.000000
0.200000 0.515329
0.400000 0.833820
0.600000 0.833820
0.800000 0.515329
1.000000 0.000000

0.000000 0.000000
0.200000 0.482523
0.400000 0.780739
0.600000 0.780739
0.800000 0.482523
1.000000 0.000000

0.000000 0.000000
0.200000 0.451805
0.400000 0.731036
0.600000 0.731036
0.800000 0.451805
1.000000 0.000000

0.000000 0.000000
0.200000 0.423043
0.400000 0.684498
0.600000 0.684498
0.800000 0.423043
1.000000 0.000000

0.000000 0.000000
0.200000 0.396111
0.400000 0.640922
0.600000 0.640922
0.800000 0.396111
1.000000 0.000000

0.000000 0.000000
0.200000 0.370895
0.400000 0.600120
0.600000 0.600120
0.800000 0.370895
1.000000 0.000000

0.000000 0.000000
0.200000 0.347283
0.400000 0.561916
0.600000 0.561916
0.800000 0.347283
1.000000 0.000000

0.000000 0.000000
0.200000 0.325175
0.400000 0.526144
0.600000 0.526144
0.800000 0.325175
1.000000 0.000000

0.000000 0.000000
0.200000 0.304474
0.400000 0.492649
0.600000 0.492649
0.800000 0.304474
1.000000 0.000000

