2.000  0.69315  0.69315  0.00000
2.100  0.73820  0.74194  0.00504
2.200  0.78224  0.78846  0.00788
2.300  0.82529  0.83291  0.00915
2.400  0.86734  0.87547  0.00929
2.500  0.90838  0.91629  0.00863
2.600  0.94843  0.95551  0.00741
2.700  0.98748  0.99325  0.00581
2.800  1.02552  1.02962  0.00398
2.900  1.06257  1.06471  0.00201
3.000  1.09861  1.09861  0.00000
3.100  1.13366  1.13140  0.00199
3.200  1.16770  1.16315  0.00391
3.300  1.20075  1.19392  0.00571
3.400  1.23279  1.22378  0.00737
3.500  1.26383  1.25276  0.00884
3.600  1.29387  1.28093  0.01010
3.700  1.32292  1.30833  0.01115
3.800  1.35096  1.33500  0.01195
3.900  1.37800  1.36098  0.01251
4.000  1.40404  1.38629  0.01280
4.100  1.42908  1.41099  0.01283
4.200  1.45312  1.43508  0.01257
4.300  1.47616  1.45862  0.01203
4.400  1.49820  1.48160  0.01120
4.500  1.51924  1.50408  0.01008
4.600  1.53928  1.52606  0.00867
4.700  1.55832  1.54756  0.00695
4.800  1.57636  1.56862  0.00494
4.900  1.59340  1.58924  0.00262
5.000  1.60944  1.60944  0.00000
