0.000  0.00000
0.010  0.01000
0.020  0.02001
0.030  0.03001
0.040  0.04001
0.050  0.05000
0.060  0.05999
0.070  0.06997
0.080  0.07994
0.090  0.08991
0.100  0.09986
0.110  0.10981
0.120  0.11974
0.130  0.12967
0.140  0.13958
0.150  0.14947
0.160  0.15935
0.170  0.16922
0.180  0.17906
0.190  0.18889
0.200  0.19870
0.210  0.20849
0.220  0.21826
0.230  0.22801
0.240  0.23773
0.250  0.24743
0.260  0.25711
0.270  0.26676
0.280  0.27638
0.290  0.28598
0.300  0.29554
0.310  0.30508
0.320  0.31459
0.330  0.32406
0.340  0.33350
0.350  0.34291
0.360  0.35229
0.370  0.36163
0.380  0.37093
0.390  0.38020
0.400  0.38943
0.410  0.39862
0.420  0.40777
0.430  0.41688
0.440  0.42595
0.450  0.43497
0.460  0.44395
0.470  0.45289
0.480  0.46178
0.490  0.47063
0.500  0.47943
0.510  0.48818
0.520  0.49688
0.530  0.50553
0.540  0.51414
0.550  0.52269
0.560  0.53118
0.570  0.53963
0.580  0.54802
0.590  0.55636
0.600  0.56464
0.610  0.57286
0.620  0.58103
0.630  0.58914
0.640  0.59719
0.650  0.60518
0.660  0.61311
0.670  0.62098
0.680  0.62879
0.690  0.63653
0.700  0.64421
0.710  0.65183
0.720  0.65938
0.730  0.66686
0.740  0.67428
0.750  0.68163
0.760  0.68892
0.770  0.69613
0.780  0.70327
0.790  0.71035
0.800  0.71735
0.810  0.72428
0.820  0.73114
0.830  0.73793
0.840  0.74464
0.850  0.75128
0.860  0.75784
0.870  0.76433
0.880  0.77074
0.890  0.77707
0.900  0.78332
0.910  0.78950
0.920  0.79560
0.930  0.80162
0.940  0.80756
0.950  0.81341
0.960  0.81919
0.970  0.82488
0.980  0.83050
0.990  0.83603
1.000  0.84147
1.010  0.84683
1.020  0.85211
1.030  0.85730
1.040  0.86240
1.050  0.86742
1.060  0.87236
1.070  0.87720
1.080  0.88196
1.090  0.88663
1.100  0.89121
1.110  0.89570
1.120  0.90010
1.130  0.90441
1.140  0.90863
1.150  0.91276
1.160  0.91680
1.170  0.92075
1.180  0.92461
1.190  0.92837
1.200  0.93204
1.210  0.93562
1.220  0.93910
1.230  0.94249
1.240  0.94578
1.250  0.94899
1.260  0.95209
1.270  0.95510
1.280  0.95802
1.290  0.96084
1.300  0.96356
1.310  0.96619
1.320  0.96872
1.330  0.97115
1.340  0.97349
1.350  0.97572
1.360  0.97787
1.370  0.97991
1.380  0.98185
1.390  0.98370
1.400  0.98545
1.410  0.98710
1.420  0.98865
1.430  0.99010
1.440  0.99146
1.450  0.99271
1.460  0.99387
1.470  0.99492
1.480  0.99588
1.490  0.99674
1.500  0.99750
1.510  0.99815
1.520  0.99871
1.530  0.99917
1.540  0.99953
1.550  0.99978
1.560  0.99994
1.570  1.00000
1.580  0.99996
1.590  0.99982
1.600  0.99957
1.610  0.99923
1.620  0.99879
1.630  0.99825
1.640  0.99761
1.650  0.99687
1.660  0.99602
1.670  0.99508
1.680  0.99404
1.690  0.99290
1.700  0.99167
1.710  0.99033
1.720  0.98889
1.730  0.98735
1.740  0.98572
1.750  0.98399
1.760  0.98215
1.770  0.98023
1.780  0.97820
1.790  0.97607
1.800  0.97385
1.810  0.97153
1.820  0.96911
1.830  0.96660
1.840  0.96398
1.850  0.96128
1.860  0.95847
1.870  0.95557
1.880  0.95258
1.890  0.94949
1.900  0.94630
1.910  0.94302
1.920  0.93965
1.930  0.93618
1.940  0.93262
1.950  0.92896
1.960  0.92521
1.970  0.92137
1.980  0.91744
1.990  0.91341
2.000  0.90930
2.010  0.90509
2.020  0.90079
2.030  0.89641
2.040  0.89193
2.050  0.88736
2.060  0.88271
2.070  0.87796
2.080  0.87313
2.090  0.86821
2.100  0.86321
2.110  0.85812
2.120  0.85294
2.130  0.84768
2.140  0.84233
2.150  0.83690
2.160  0.83138
2.170  0.82578
2.180  0.82010
2.190  0.81434
2.200  0.80849
2.210  0.80257
2.220  0.79656
2.230  0.79048
2.240  0.78431
2.250  0.77807
2.260  0.77175
2.270  0.76535
2.280  0.75888
2.290  0.75233
2.300  0.74570
2.310  0.73900
2.320  0.73223
2.330  0.72538
2.340  0.71846
2.350  0.71147
2.360  0.70441
2.370  0.69727
2.380  0.69007
2.390  0.68280
2.400  0.67546
2.410  0.66805
2.420  0.66058
2.430  0.65304
2.440  0.64543
2.450  0.63776
2.460  0.63003
2.470  0.62223
2.480  0.61437
2.490  0.60645
2.500  0.59847
2.510  0.59043
2.520  0.58233
2.530  0.57417
2.540  0.56595
2.550  0.55768
2.560  0.54935
2.570  0.54097
2.580  0.53253
2.590  0.52404
2.600  0.51550
2.610  0.50691
2.620  0.49826
2.630  0.48957
2.640  0.48082
2.650  0.47203
2.660  0.46319
2.670  0.45431
2.680  0.44538
2.690  0.43640
2.700  0.42739
2.710  0.41833
2.720  0.40922
2.730  0.40008
2.740  0.39090
2.750  0.38167
2.760  0.37241
2.770  0.36311
2.780  0.35378
2.790  0.34441
2.800  0.33501
2.810  0.32557
2.820  0.31610
2.830  0.30660
2.840  0.29706
2.850  0.28750
2.860  0.27791
2.870  0.26829
2.880  0.25865
2.890  0.24897
2.900  0.23928
2.910  0.22956
2.920  0.21981
2.930  0.21005
2.940  0.20026
2.950  0.19046
2.960  0.18063
2.970  0.17079
2.980  0.16092
2.990  0.15105
3.000  0.14115
3.010  0.13125
3.020  0.12133
3.030  0.11139
3.040  0.10145
3.050  0.09149
3.060  0.08153
3.070  0.07156
3.080  0.06158
3.090  0.05159
3.100  0.04160
3.110  0.03160
3.120  0.02160
3.130  0.01160
3.140  0.00159
